1930 panels painted in 10331 Steps.
(0, 0): 1, 0, 1, 0, 1, 0, 1, 0, 1
(-1, 0): 1, 0, 1, 0, 1, 0, 1
(-1, 1): 1, 0, 1, 0, 1, 0, 1
(0, 1): 1, 0, 1, 0, 1, 0, 1, 0, 1, 0
(0, 2): 1, 0, 1, 0, 1, 0, 1, 0, 1, 0
(1, 2): 1, 0, 1, 0, 1, 0, 1, 0, 1, 0, 1, 0
(1, 3): 1, 0, 1, 0, 1, 0, 1, 0, 1, 0, 1, 0
(0, 3): 1, 0, 1, 0, 1, 0, 1, 0, 1, 0
(0, 4): 1, 0, 1, 0, 1, 0, 1, 0, 1
(-1, 4): 1, 0, 1, 0, 1, 0, 1, 0, 1, 0, 1, 0
(-1, 3): 1, 0, 1, 0, 1, 0
(-2, 3): 1, 0, 1, 0, 1, 0, 1
(-2, 4): 1, 0, 1, 0, 1, 0, 1, 0, 1, 0, 1, 0
(-1, 5): 1, 0, 1, 0, 1, 0, 1, 0, 1
(0, 5): 1, 0, 1, 0, 1, 0, 1, 0, 1
(1, 4): 1, 0, 1, 0, 1, 0, 1, 0, 1, 0, 1, 0, 1
(2, 3): 1, 0, 1, 0, 1, 0, 1, 0, 1, 0, 1, 0, 1, 0
(2, 2): 1, 0, 1, 0, 1, 0, 1, 0, 1, 0, 1, 0, 1
(1, 1): 1, 0, 1, 0, 1, 0, 1, 0, 1, 0, 1, 0, 1
(-1, 2): 1, 0, 1, 0
(-2, 5): 1, 0, 1, 0, 1, 0, 1, 0
(2, 4): 1, 0, 1, 0, 1, 0, 1, 0, 1, 0, 1, 0, 1
(0, 6): 1, 0, 1, 0, 1, 0, 1, 0, 1
(1, 6): 1, 0, 1, 0, 1, 0, 1, 0, 1
(1, 7): 1, 0, 1, 0, 1, 0, 1, 0, 1, 0, 1, 0, 1, 0
(2, 7): 1, 0, 1, 0, 1, 0, 1, 0, 1, 0, 1, 0, 1
(2, 8): 1, 0, 1, 0, 1, 0, 1, 0, 1, 0
(1, 8): 1, 0, 1, 0, 1, 0, 1, 0, 1, 0, 1
(0, 7): 1, 0, 1, 0, 1, 0, 1, 0, 1
(0, 8): 1, 0, 1, 0, 1, 0, 1
(1, 5): 1, 0, 1, 0, 1, 0, 1, 0, 1, 0, 1
(2, 5): 1, 0, 1, 0, 1, 0, 1, 0, 1, 0, 1, 0
(3, 4): 1, 0, 1, 0, 1, 0, 1, 0, 1, 0, 1
(3, 5): 1, 0, 1, 0, 1, 0, 1, 0, 1, 0, 1
(4, 5): 1, 0, 1, 0, 1, 0, 1, 0, 1, 0
(4, 6): 1, 0, 1, 0, 1, 0, 1, 0, 1, 0
(3, 6): 1, 0, 1, 0, 1, 0, 1, 0, 1, 0, 1, 0
(3, 7): 1, 0, 1, 0, 1, 0, 1, 0, 1, 0, 1, 0
(4, 7): 1, 0, 1, 0, 1, 0, 1, 0
(5, 6): 1, 0, 1, 0, 1, 0, 1, 0, 1, 0, 1, 0
(5, 5): 1, 0, 1, 0, 1, 0, 1, 0, 1, 0, 1, 0, 1, 0, 1
(6, 5): 1, 0, 1, 0, 1, 0, 1, 0, 1, 0, 1, 0, 1, 0, 1, 0
(6, 4): 1, 0, 1, 0, 1, 0, 1, 0, 1, 0, 1, 0, 1, 0, 1, 0, 1, 0, 1, 0, 1, 0, 1
(5, 4): 1, 0, 1, 0, 1, 0, 1, 0, 1, 0, 1, 0, 1, 0, 1, 0, 1, 0
(4, 4): 1, 0, 1, 0, 1, 0, 1, 0, 1, 0
(3, 3): 1, 0, 1, 0, 1, 0, 1, 0, 1, 0, 1, 0, 1, 0, 1, 0
(4, 3): 1, 0, 1, 0, 1, 0, 1, 0, 1, 0, 1, 0, 1
(4, 2): 1, 0, 1, 0, 1, 0, 1, 0, 1, 0, 1, 0, 1, 0
(3, 2): 1, 0, 1, 0, 1, 0, 1, 0, 1, 0, 1, 0, 1, 0, 1, 0
(2, 1): 1, 0, 1, 0, 1, 0, 1, 0, 1
(2, 0): 1, 0, 1, 0, 1, 0, 1, 0, 1, 0, 1, 0
(1, 0): 1, 0, 1, 0, 1, 0, 1, 0, 1, 0
(-2, 1): 1, 0, 1, 0, 1, 0
(-2, 2): 1, 0, 1, 0
(-3, 2): 1, 0, 1, 0
(-3, 3): 1, 0, 1, 0, 1
(2, 6): 1, 0, 1, 0, 1, 0, 1, 0, 1
(4, 8): 1, 0, 1, 0, 1
(3, 8): 1, 0, 1, 0, 1, 0
(3, 9): 1, 0
(2, 9): 1, 0, 1
(7, 4): 1, 0, 1, 0, 1, 0, 1, 0, 1, 0, 1, 0
(7, 3): 1, 0, 1, 0, 1, 0, 1, 0, 1, 0, 1, 0, 1, 0, 1
(6, 3): 1, 0, 1, 0, 1, 0, 1, 0, 1, 0, 1, 0, 1, 0, 1, 0, 1, 0, 1
(5, 3): 1, 0, 1, 0, 1, 0, 1, 0, 1, 0, 1, 0, 1, 0, 1
(6, 6): 1, 0, 1, 0, 1, 0, 1, 0, 1, 0, 1, 0, 1, 0, 1
(5, 7): 1, 0, 1, 0, 1, 0, 1, 0
(6, 7): 1, 0, 1, 0, 1, 0, 1, 0, 1, 0, 1, 0, 1, 0
(7, 6): 1, 0, 1, 0, 1, 0, 1, 0, 1, 0, 1
(7, 7): 1, 0, 1, 0, 1, 0, 1, 0, 1, 0
(6, 8): 1, 0, 1, 0, 1, 0, 1, 0, 1, 0, 1, 0, 1
(7, 8): 1, 0, 1, 0, 1, 0, 1, 0
(8, 7): 1, 0, 1, 0
(8, 6): 1, 0, 1, 0, 1
(7, 5): 1, 0, 1, 0, 1, 0, 1, 0, 1
(-2, 6): 1, 0, 1, 0, 1
(-3, 6): 1, 0, 1, 0
(-3, 5): 1, 0, 1, 0
(-4, 5): 1
(-4, 6): 1, 0
(1, -1): 1, 0, 1, 0, 1, 0
(2, -1): 1, 0, 1, 0, 1, 0, 1, 0, 1, 0, 1, 0, 1, 0, 1
(0, -1): 1, 0, 1, 0
(0, -2): 1
(-1, -2): 1
(-1, -1): 1, 0, 1, 0
(-2, -1): 1, 0
(-2, 0): 1, 0, 1, 0
(-3, 0): 1, 0
(-3, 1): 1, 0, 1
(-3, 4): 1, 0, 1, 0
(-4, 3): 1
(-4, 2): 1
(-1, 6): 1, 0, 1, 0, 1
(-1, 7): 1, 0, 1, 0, 1
(-2, 7): 1, 0, 1, 0, 1
(-2, 8): 1, 0, 1, 0
(-1, 8): 1, 0, 1, 0
(3, 1): 1, 0, 1, 0, 1, 0, 1, 0, 1
(3, 0): 1, 0, 1, 0, 1, 0, 1, 0, 1, 0, 1
(3, -1): 1, 0, 1, 0, 1, 0, 1, 0, 1, 0, 1, 0, 1, 0, 1, 0
(4, -1): 1, 0, 1, 0, 1, 0, 1, 0, 1, 0, 1, 0, 1, 0
(4, -2): 1, 0, 1, 0, 1, 0, 1, 0, 1, 0, 1
(5, -2): 1, 0, 1, 0, 1, 0, 1, 0, 1, 0, 1, 0, 1, 0, 1, 0, 1, 0, 1, 0
(5, -3): 1, 0, 1, 0, 1, 0, 1, 0, 1, 0, 1, 0, 1, 0, 1, 0, 1, 0
(6, -3): 1, 0, 1, 0, 1, 0, 1, 0, 1, 0, 1, 0, 1, 0, 1, 0, 1, 0, 1
(6, -4): 1, 0, 1, 0, 1, 0, 1, 0, 1, 0, 1
(5, -4): 1, 0, 1, 0, 1, 0, 1, 0, 1, 0
(6, -2): 1, 0, 1, 0, 1, 0, 1, 0, 1, 0, 1, 0, 1, 0, 1, 0, 1, 0
(7, -2): 1, 0, 1, 0, 1, 0, 1, 0, 1
(7, -3): 1, 0, 1, 0, 1, 0, 1, 0, 1, 0, 1, 0, 1, 0
(4, -3): 1, 0, 1, 0, 1, 0, 1, 0, 1
(5, -1): 1, 0, 1, 0, 1, 0, 1, 0, 1, 0, 1, 0, 1, 0, 1, 0, 1, 0, 1, 0
(6, -1): 1, 0, 1, 0, 1, 0, 1, 0, 1, 0, 1, 0, 1
(3, -2): 1, 0, 1, 0, 1, 0, 1, 0, 1, 0, 1
(3, -3): 1, 0, 1
(4, -4): 1, 0, 1
(6, 0): 1, 0, 1, 0, 1, 0, 1, 0, 1, 0, 1
(7, 0): 1, 0, 1, 0, 1, 0, 1, 0, 1, 0
(7, 1): 1, 0, 1, 0, 1, 0, 1, 0, 1, 0, 1, 0, 1, 0, 1, 0, 1
(8, 1): 1, 0, 1, 0, 1, 0, 1, 0, 1, 0, 1, 0, 1
(8, 2): 1, 0, 1, 0, 1, 0, 1, 0, 1, 0, 1, 0, 1, 0, 1, 0, 1, 0
(7, 2): 1, 0, 1, 0, 1, 0, 1, 0, 1, 0, 1, 0, 1, 0, 1, 0, 1
(8, 3): 1, 0, 1, 0, 1, 0, 1, 0, 1, 0, 1, 0, 1, 0, 1, 0, 1
(8, 5): 1, 0, 1, 0
(8, 4): 1, 0, 1, 0, 1, 0, 1, 0, 1, 0, 1
(9, 4): 1, 0, 1, 0, 1, 0, 1, 0, 1, 0, 1
(9, 5): 1, 0, 1, 0, 1
(10, 5): 1, 0, 1, 0, 1, 0, 1, 0, 1, 0, 1, 0
(10, 6): 1, 0, 1, 0, 1, 0, 1, 0, 1, 0
(11, 6): 1, 0, 1, 0, 1, 0, 1, 0, 1, 0
(11, 5): 1, 0, 1, 0, 1, 0, 1, 0, 1, 0, 1, 0, 1
(12, 5): 1, 0, 1, 0, 1, 0, 1, 0, 1
(12, 6): 1, 0, 1, 0, 1, 0, 1, 0
(13, 6): 1, 0, 1, 0, 1, 0, 1
(13, 5): 1, 0, 1, 0, 1
(12, 4): 1, 0, 1, 0, 1, 0, 1
(11, 4): 1, 0, 1, 0, 1, 0, 1, 0, 1, 0, 1
(10, 4): 1, 0, 1, 0, 1, 0, 1, 0, 1
(9, 3): 1, 0, 1, 0, 1, 0, 1, 0, 1, 0, 1, 0, 1, 0
(9, 2): 1, 0, 1, 0, 1, 0, 1, 0, 1, 0
(6, 2): 1, 0, 1, 0, 1, 0, 1, 0, 1
(10, 3): 1, 0, 1, 0, 1, 0, 1
(10, 2): 1, 0, 1, 0, 1, 0, 1, 0
(11, 2): 1, 0, 1, 0, 1, 0, 1, 0, 1, 0, 1
(11, 3): 1, 0, 1, 0, 1, 0, 1, 0
(11, 1): 1, 0, 1, 0, 1, 0, 1, 0, 1, 0, 1, 0, 1
(12, 1): 1, 0, 1, 0, 1, 0, 1, 0, 1, 0, 1, 0, 1
(12, 2): 1, 0, 1, 0, 1, 0, 1, 0, 1, 0, 1, 0
(9, 6): 1, 0, 1, 0, 1
(9, 7): 1, 0, 1, 0, 1
(10, 7): 1, 0, 1, 0, 1, 0, 1
(11, 7): 1, 0, 1, 0, 1, 0, 1
(10, 8): 1, 0, 1, 0, 1, 0
(9, 8): 1, 0, 1
(9, 9): 1, 0, 1, 0, 1, 0, 1, 0, 1, 0
(8, 9): 1, 0, 1, 0, 1, 0, 1, 0
(8, 10): 1, 0, 1, 0, 1, 0, 1, 0, 1, 0
(9, 10): 1, 0, 1, 0, 1, 0, 1, 0, 1, 0, 1, 0, 1, 0
(10, 9): 1, 0, 1, 0, 1, 0, 1, 0, 1
(10, 10): 1, 0, 1, 0, 1, 0, 1, 0, 1, 0, 1, 0
(11, 10): 1, 0, 1, 0, 1, 0, 1, 0, 1
(11, 11): 1, 0, 1, 0, 1, 0, 1, 0, 1, 0, 1, 0, 1
(12, 11): 1, 0, 1, 0, 1, 0, 1, 0, 1, 0, 1, 0
(12, 10): 1, 0, 1, 0, 1, 0
(11, 9): 1, 0, 1, 0, 1, 0
(7, 9): 1, 0, 1, 0, 1, 0, 1, 0
(6, 9): 1, 0, 1, 0, 1, 0, 1, 0, 1, 0, 1
(6, 10): 1, 0, 1, 0, 1, 0, 1, 0, 1
(7, 10): 1, 0, 1, 0, 1, 0, 1, 0
(7, 11): 1, 0, 1, 0, 1
(8, 11): 1, 0, 1, 0, 1, 0, 1, 0
(9, 11): 1, 0, 1, 0, 1, 0, 1, 0, 1
(10, 11): 1, 0, 1, 0, 1, 0, 1, 0, 1, 0, 1, 0
(8, 12): 1, 0, 1, 0, 1, 0, 1
(9, 12): 1, 0, 1, 0, 1, 0, 1, 0, 1, 0, 1
(11, 8): 1, 0, 1
(12, 7): 1, 0, 1, 0, 1
(13, 4): 1, 0
(14, 5): 1, 0
(14, 4): 1, 0, 1, 0
(15, 4): 1, 0, 1, 0, 1, 0
(15, 5): 1, 0, 1
(16, 5): 1, 0, 1
(16, 6): 1, 0, 1, 0
(15, 6): 1, 0
(15, 7): 1, 0, 1, 0, 1, 0
(14, 7): 1, 0, 1, 0, 1
(14, 8): 1, 0, 1, 0
(15, 8): 1, 0, 1, 0, 1
(16, 7): 1, 0, 1, 0, 1
(17, 6): 1, 0, 1
(17, 5): 1, 0
(16, 4): 1, 0, 1
(15, 3): 1, 0, 1, 0, 1
(14, 3): 1, 0, 1, 0, 1, 0
(14, 2): 1, 0, 1, 0, 1, 0, 1, 0
(13, 2): 1, 0, 1, 0, 1, 0, 1, 0, 1
(13, 1): 1, 0, 1, 0, 1, 0, 1, 0, 1, 0
(10, 1): 1, 0, 1, 0, 1, 0, 1, 0, 1, 0
(9, 1): 1, 0, 1, 0, 1, 0
(10, 0): 1, 0, 1, 0, 1, 0, 1, 0, 1, 0
(9, 0): 1, 0, 1, 0, 1, 0, 1, 0, 1, 0
(9, -1): 1, 0, 1, 0, 1, 0, 1, 0, 1, 0, 1, 0
(10, -1): 1, 0, 1, 0, 1, 0, 1, 0, 1
(10, -2): 1, 0, 1, 0, 1, 0, 1, 0, 1, 0, 1
(9, -2): 1, 0, 1, 0, 1, 0, 1, 0, 1, 0
(8, -1): 1, 0, 1, 0, 1, 0, 1, 0, 1
(8, 0): 1, 0, 1, 0, 1, 0, 1, 0
(8, -2): 1, 0, 1, 0, 1, 0, 1, 0
(8, -3): 1, 0, 1, 0, 1, 0, 1, 0, 1, 0, 1, 0
(8, -4): 1, 0, 1, 0, 1, 0, 1, 0, 1, 0, 1, 0, 1, 0, 1, 0, 1, 0, 1, 0
(9, -4): 1, 0, 1, 0, 1, 0, 1, 0, 1, 0, 1, 0, 1, 0, 1, 0, 1, 0, 1, 0
(9, -5): 1, 0, 1, 0, 1, 0, 1, 0, 1, 0, 1, 0, 1, 0, 1, 0, 1, 0, 1, 0, 1, 0, 1, 0, 1
(8, -5): 1, 0, 1, 0, 1, 0, 1, 0, 1, 0, 1, 0, 1, 0, 1, 0, 1, 0, 1, 0, 1, 0, 1, 0
(8, -6): 1, 0, 1, 0, 1, 0, 1, 0, 1, 0, 1, 0, 1, 0, 1, 0, 1, 0, 1, 0, 1, 0, 1, 0, 1, 0, 1, 0, 1, 0, 1, 0, 1, 0
(7, -6): 1, 0, 1, 0, 1, 0, 1, 0, 1, 0, 1, 0, 1, 0, 1, 0, 1, 0, 1, 0, 1, 0, 1, 0, 1, 0, 1
(7, -7): 1, 0, 1, 0, 1, 0, 1, 0, 1, 0, 1, 0, 1, 0, 1, 0, 1, 0, 1, 0, 1, 0, 1
(6, -7): 1, 0, 1, 0, 1, 0, 1, 0, 1, 0, 1, 0, 1
(6, -8): 1, 0, 1, 0, 1, 0, 1, 0, 1, 0, 1, 0, 1
(7, -8): 1, 0, 1, 0, 1, 0, 1, 0, 1, 0, 1
(7, -9): 1, 0, 1, 0, 1, 0, 1, 0, 1, 0
(6, -9): 1, 0, 1, 0, 1, 0, 1, 0
(5, -8): 1, 0, 1, 0, 1, 0, 1
(5, -7): 1, 0, 1, 0, 1, 0
(6, -6): 1, 0, 1, 0, 1, 0, 1, 0, 1, 0, 1, 0
(7, -5): 1, 0, 1, 0, 1, 0, 1, 0, 1, 0, 1, 0, 1, 0, 1, 0, 1
(7, -4): 1, 0, 1, 0, 1, 0, 1, 0, 1, 0, 1, 0, 1, 0
(9, -6): 1, 0, 1, 0, 1, 0, 1, 0, 1, 0, 1, 0, 1, 0, 1, 0, 1, 0, 1, 0, 1, 0, 1, 0, 1
(9, -3): 1, 0, 1, 0, 1, 0, 1, 0, 1, 0, 1, 0, 1
(10, -5): 1, 0, 1, 0, 1, 0, 1, 0, 1, 0, 1, 0, 1, 0, 1
(10, -6): 1, 0, 1, 0, 1, 0, 1, 0, 1, 0, 1, 0, 1, 0
(11, -6): 1, 0, 1, 0, 1, 0
(11, -7): 1, 0, 1, 0, 1, 0, 1, 0, 1, 0, 1
(10, -7): 1, 0, 1, 0, 1, 0, 1, 0, 1, 0, 1, 0, 1, 0, 1, 0
(10, -8): 1, 0, 1, 0, 1, 0, 1, 0, 1, 0, 1, 0, 1, 0, 1, 0, 1, 0, 1, 0
(9, -8): 1, 0, 1, 0, 1, 0, 1, 0, 1, 0, 1, 0, 1, 0, 1, 0, 1, 0
(9, -7): 1, 0, 1, 0, 1, 0, 1, 0, 1, 0, 1, 0, 1, 0, 1, 0, 1, 0, 1, 0, 1, 0
(8, -7): 1, 0, 1, 0, 1, 0, 1, 0, 1, 0, 1, 0, 1, 0, 1, 0, 1, 0, 1, 0, 1, 0, 1, 0, 1, 0, 1
(8, -8): 1, 0, 1, 0, 1, 0, 1, 0, 1, 0, 1
(11, -8): 1, 0, 1, 0, 1, 0, 1, 0, 1, 0, 1, 0, 1, 0, 1
(5, -6): 1, 0, 1, 0, 1, 0
(5, -9): 1, 0, 1, 0, 1
(6, -10): 1, 0, 1, 0, 1
(7, -10): 1, 0, 1, 0, 1, 0, 1, 0
(9, -9): 1, 0, 1, 0, 1, 0, 1, 0, 1, 0, 1, 0, 1, 0, 1
(8, -9): 1, 0, 1, 0, 1, 0, 1, 0
(10, -9): 1, 0, 1, 0, 1, 0, 1, 0, 1, 0, 1, 0, 1, 0, 1, 0, 1, 0, 1, 0, 1
(6, -5): 1, 0, 1, 0, 1, 0, 1, 0, 1
(7, -11): 1, 0, 1, 0, 1, 0
(6, -11): 1, 0, 1, 0
(5, -10): 1, 0, 1
(5, -11): 1, 0, 1
(6, -12): 1, 0
(5, -12): 1
(4, -11): 1
(4, -10): 1
(4, -9): 1
(4, -8): 1, 0, 1
(3, -8): 1, 0
(3, -7): 1, 0, 1, 0
(2, -7): 1, 0, 1
(2, -8): 1
(1, -8): 1
(1, -7): 1
(2, -6): 1, 0, 1
(1, -6): 1
(1, -5): 1
(2, -5): 1, 0
(3, -6): 1, 0, 1, 0
(4, -7): 1, 0, 1, 0
(4, 0): 1, 0, 1, 0, 1, 0, 1, 0, 1, 0, 1, 0, 1, 0
(2, -2): 1, 0, 1, 0, 1, 0, 1, 0, 1, 0
(1, -2): 1, 0, 1
(1, -3): 1
(2, -3): 1, 0
(5, 0): 1, 0, 1, 0, 1, 0, 1, 0, 1, 0, 1, 0, 1, 0
(6, 1): 1, 0, 1, 0, 1, 0, 1, 0, 1, 0
(7, -1): 1, 0, 1, 0, 1
(10, -4): 1, 0, 1, 0, 1, 0, 1, 0, 1, 0, 1, 0, 1, 0, 1, 0, 1, 0, 1, 0, 1, 0
(11, -4): 1, 0, 1, 0, 1, 0, 1, 0, 1, 0, 1, 0, 1, 0, 1, 0
(11, -3): 1, 0, 1, 0, 1, 0, 1, 0, 1, 0, 1, 0, 1, 0, 1, 0
(10, -3): 1, 0, 1, 0, 1, 0, 1, 0, 1, 0, 1, 0, 1, 0, 1, 0, 1, 0, 1
(11, -5): 1, 0, 1, 0, 1, 0, 1, 0
(12, -5): 1, 0, 1, 0, 1, 0, 1, 0
(12, -4): 1, 0, 1, 0, 1
(12, -3): 1, 0, 1, 0, 1, 0, 1
(12, -2): 1, 0, 1, 0, 1, 0, 1, 0, 1, 0
(11, -2): 1, 0, 1, 0, 1, 0, 1, 0, 1
(13, -4): 1, 0, 1, 0, 1, 0, 1
(13, -3): 1, 0, 1, 0, 1, 0, 1, 0, 1
(13, -2): 1, 0, 1, 0, 1, 0, 1, 0, 1, 0, 1, 0
(13, -1): 1, 0, 1, 0, 1, 0, 1, 0, 1, 0, 1, 0
(12, -1): 1, 0, 1, 0, 1, 0, 1, 0, 1, 0, 1
(12, 0): 1, 0, 1, 0, 1, 0, 1, 0, 1, 0, 1, 0, 1
(11, 0): 1, 0, 1, 0, 1, 0, 1, 0, 1, 0, 1, 0, 1
(13, 3): 1, 0, 1, 0, 1
(15, 2): 1, 0, 1, 0, 1, 0, 1
(15, 1): 1, 0, 1, 0, 1, 0, 1, 0, 1, 0
(14, 1): 1, 0, 1, 0, 1, 0, 1, 0, 1, 0, 1
(16, 3): 1, 0, 1
(16, 1): 1, 0, 1, 0, 1, 0, 1
(16, 2): 1, 0, 1, 0, 1, 0
(17, 2): 1, 0, 1, 0, 1, 0
(17, 1): 1, 0, 1, 0, 1, 0
(18, 1): 1, 0, 1, 0, 1, 0, 1, 0, 1, 0, 1
(18, 2): 1, 0, 1, 0, 1, 0, 1, 0
(17, 3): 1, 0, 1, 0
(14, 0): 1, 0, 1, 0, 1, 0, 1, 0, 1, 0, 1, 0
(13, 0): 1, 0, 1, 0, 1, 0, 1, 0, 1, 0
(11, -1): 1, 0, 1, 0, 1, 0, 1, 0, 1
(8, -10): 1, 0, 1, 0, 1, 0, 1, 0, 1, 0, 1
(9, -10): 1, 0, 1, 0, 1, 0, 1, 0, 1, 0, 1, 0, 1, 0, 1
(10, -10): 1, 0, 1, 0, 1, 0, 1, 0, 1, 0, 1, 0, 1, 0, 1
(11, -10): 1, 0, 1, 0, 1, 0, 1, 0, 1, 0, 1, 0, 1, 0, 1, 0, 1, 0, 1
(11, -11): 1, 0, 1, 0, 1, 0, 1, 0, 1, 0, 1, 0, 1, 0, 1, 0
(10, -11): 1, 0, 1, 0, 1, 0, 1, 0, 1, 0
(11, -9): 1, 0, 1, 0, 1, 0, 1, 0, 1, 0, 1, 0, 1, 0, 1, 0, 1
(12, -7): 1, 0, 1, 0, 1, 0, 1, 0, 1, 0, 1
(12, -6): 1, 0, 1, 0, 1, 0, 1, 0
(13, -6): 1, 0, 1, 0, 1, 0, 1, 0, 1
(13, -5): 1, 0, 1, 0, 1, 0, 1
(13, -7): 1, 0, 1, 0, 1, 0, 1, 0, 1, 0
(12, -8): 1, 0, 1, 0, 1, 0, 1, 0, 1, 0, 1, 0
(13, -8): 1, 0, 1, 0, 1, 0, 1, 0, 1
(13, -9): 1, 0, 1, 0, 1, 0, 1, 0, 1, 0, 1
(14, -9): 1, 0, 1, 0, 1
(14, -8): 1, 0, 1, 0, 1, 0, 1
(15, -8): 1, 0, 1, 0, 1, 0
(15, -9): 1, 0, 1, 0, 1, 0
(16, -9): 1, 0, 1, 0, 1, 0
(16, -10): 1, 0, 1, 0, 1, 0, 1, 0, 1, 0
(17, -10): 1, 0, 1, 0, 1, 0, 1, 0
(17, -9): 1, 0, 1
(18, -9): 1, 0, 1
(18, -8): 1, 0, 1
(19, -8): 1, 0, 1
(19, -9): 1, 0
(18, -10): 1, 0, 1, 0
(17, -11): 1, 0, 1, 0, 1, 0, 1
(16, -11): 1, 0, 1, 0, 1, 0, 1, 0
(15, -10): 1, 0, 1, 0, 1, 0
(14, -10): 1, 0, 1
(13, -10): 1, 0, 1, 0, 1, 0, 1, 0, 1, 0, 1, 0, 1
(13, -11): 1, 0, 1, 0, 1, 0, 1, 0, 1, 0, 1
(12, -11): 1, 0, 1, 0, 1, 0, 1, 0, 1, 0, 1, 0, 1, 0, 1, 0, 1, 0, 1, 0
(12, -12): 1, 0, 1, 0, 1, 0, 1, 0, 1, 0, 1, 0, 1
(11, -12): 1, 0, 1, 0, 1, 0, 1, 0, 1, 0, 1, 0, 1
(12, -10): 1, 0, 1, 0, 1, 0, 1, 0, 1, 0, 1, 0, 1, 0, 1, 0, 1, 0, 1, 0, 1, 0, 1
(12, -9): 1, 0, 1, 0, 1, 0, 1, 0, 1, 0, 1, 0, 1, 0, 1, 0, 1
(15, -7): 1, 0, 1, 0, 1, 0, 1, 0
(14, -7): 1, 0, 1, 0, 1, 0, 1, 0
(14, -6): 1, 0, 1, 0, 1, 0
(14, -5): 1, 0, 1, 0, 1, 0, 1, 0, 1, 0
(14, -4): 1, 0, 1, 0, 1, 0, 1, 0, 1, 0, 1, 0, 1
(15, -4): 1, 0, 1, 0, 1, 0, 1, 0, 1, 0, 1, 0, 1, 0
(15, -5): 1, 0, 1, 0, 1, 0, 1, 0, 1, 0, 1, 0
(15, -6): 1, 0, 1, 0, 1, 0, 1, 0, 1
(16, -5): 1, 0, 1, 0, 1, 0, 1, 0, 1, 0, 1
(16, -4): 1, 0, 1, 0, 1, 0, 1, 0, 1, 0, 1, 0, 1, 0, 1, 0, 1, 0, 1
(14, -3): 1, 0, 1, 0, 1, 0, 1, 0, 1, 0
(16, -6): 1, 0, 1, 0, 1, 0
(9, -11): 1, 0, 1, 0, 1, 0, 1, 0, 1, 0, 1, 0, 1, 0, 1, 0, 1, 0
(10, -12): 1, 0, 1, 0, 1, 0, 1, 0, 1, 0, 1
(9, -12): 1, 0, 1, 0, 1, 0, 1, 0, 1, 0, 1, 0, 1, 0
(8, -11): 1, 0, 1, 0, 1, 0, 1, 0, 1, 0, 1, 0, 1, 0, 1
(8, -12): 1, 0, 1, 0, 1, 0, 1, 0, 1, 0, 1
(7, -12): 1, 0, 1, 0, 1
(7, -13): 1, 0, 1
(6, -13): 1, 0
(9, -13): 1, 0, 1, 0, 1, 0, 1, 0
(10, -13): 1, 0, 1, 0, 1, 0, 1, 0, 1, 0, 1, 0
(11, -13): 1, 0, 1, 0, 1, 0, 1, 0, 1, 0, 1
(12, -13): 1, 0, 1, 0, 1, 0, 1, 0, 1, 0, 1
(12, -14): 1, 0, 1, 0, 1, 0, 1, 0, 1, 0
(11, -14): 1, 0, 1, 0, 1, 0, 1
(11, -15): 1, 0, 1, 0, 1, 0
(12, -15): 1, 0, 1, 0
(13, -14): 1, 0, 1, 0, 1, 0, 1, 0
(13, -13): 1, 0, 1, 0, 1, 0, 1, 0, 1, 0
(13, -12): 1, 0, 1, 0, 1, 0, 1, 0, 1
(14, -13): 1, 0, 1, 0, 1, 0, 1, 0
(14, -14): 1, 0
(13, -15): 1, 0
(14, -15): 1
(14, -16): 1
(13, -16): 1
(13, -17): 1
(12, -17): 1
(12, -16): 1
(11, -16): 1, 0, 1, 0
(10, -15): 1, 0, 1, 0, 1, 0
(10, -16): 1, 0, 1, 0, 1, 0
(9, -16): 1, 0, 1, 0
(9, -15): 1, 0, 1, 0, 1
(10, -14): 1, 0, 1, 0, 1, 0
(9, -14): 1, 0, 1, 0, 1
(8, -13): 1, 0, 1, 0
(14, -12): 1, 0, 1, 0, 1, 0, 1, 0, 1, 0, 1, 0
(15, -12): 1, 0, 1, 0, 1, 0, 1, 0, 1, 0
(15, -13): 1, 0, 1, 0, 1, 0, 1
(16, -7): 1, 0, 1
(16, -8): 1, 0
(9, -17): 1
(8, -17): 1
(8, -16): 1
(11, -17): 1
(10, -17): 1
(14, -11): 1, 0, 1, 0, 1, 0, 1
(5, -5): 1, 0, 1, 0, 1
(4, -5): 1, 0, 1
(4, -6): 1, 0, 1, 0
(3, -5): 1, 0
(2, -4): 1
(3, -4): 1
(4, 1): 1, 0, 1, 0, 1, 0, 1, 0, 1, 0
(5, 2): 1, 0, 1, 0, 1, 0, 1, 0, 1, 0
(5, 1): 1, 0, 1, 0, 1, 0, 1, 0, 1
(-1, 9): 1, 0, 1, 0, 1, 0
(0, 9): 1, 0, 1, 0, 1
(0, 10): 1, 0, 1, 0, 1
(1, 10): 1, 0, 1, 0, 1
(1, 9): 1, 0, 1
(2, 10): 1, 0, 1, 0, 1, 0, 1
(1, 11): 1, 0, 1, 0
(2, 11): 1, 0, 1, 0, 1, 0, 1, 0
(2, 12): 1, 0, 1, 0, 1
(3, 12): 1, 0, 1, 0, 1, 0, 1
(3, 11): 1, 0, 1, 0, 1, 0, 1, 0
(3, 10): 1, 0, 1, 0, 1
(0, 11): 1, 0, 1, 0
(0, 12): 1, 0, 1, 0, 1
(1, 12): 1, 0, 1, 0, 1
(1, 13): 1, 0, 1, 0, 1, 0
(0, 13): 1, 0, 1, 0, 1
(0, 14): 1, 0, 1, 0
(-1, 14): 1, 0, 1, 0, 1, 0, 1, 0
(-1, 15): 1, 0, 1, 0, 1, 0, 1, 0
(0, 15): 1, 0
(-1, 13): 1, 0, 1, 0, 1, 0, 1
(-2, 13): 1, 0, 1, 0, 1, 0, 1, 0, 1, 0, 1, 0
(-2, 14): 1, 0, 1, 0, 1, 0, 1, 0, 1, 0, 1, 0, 1, 0, 1
(1, 14): 1, 0
(2, 13): 1, 0, 1, 0, 1
(-1, 10): 1, 0, 1, 0, 1, 0, 1, 0, 1
(-1, 11): 1, 0, 1, 0, 1, 0, 1, 0, 1
(-2, 11): 1, 0, 1, 0, 1, 0, 1, 0, 1, 0, 1
(-2, 10): 1, 0, 1, 0, 1, 0, 1, 0, 1, 0
(-3, 10): 1, 0, 1, 0, 1, 0, 1, 0, 1, 0
(-3, 11): 1, 0, 1, 0, 1, 0, 1, 0, 1, 0
(-4, 11): 1, 0, 1, 0, 1, 0, 1, 0, 1, 0, 1
(-4, 12): 1, 0, 1, 0, 1, 0, 1, 0, 1, 0, 1, 0
(-3, 12): 1, 0, 1, 0, 1, 0, 1, 0, 1, 0
(-3, 13): 1, 0, 1, 0, 1, 0, 1, 0, 1, 0, 1, 0, 1, 0, 1, 0, 1
(-4, 13): 1, 0, 1, 0, 1, 0, 1, 0, 1, 0, 1, 0, 1, 0, 1, 0, 1, 0, 1
(-4, 14): 1, 0, 1, 0, 1, 0, 1, 0, 1, 0, 1, 0, 1, 0, 1, 0, 1, 0, 1
(-3, 14): 1, 0, 1, 0, 1, 0, 1, 0, 1, 0, 1, 0, 1, 0, 1, 0, 1, 0
(-3, 15): 1, 0, 1, 0, 1, 0, 1, 0, 1, 0
(-4, 15): 1, 0, 1, 0, 1, 0, 1, 0, 1, 0, 1, 0
(-5, 14): 1, 0, 1, 0, 1, 0, 1, 0, 1, 0, 1, 0, 1
(-5, 13): 1, 0, 1, 0, 1, 0, 1, 0, 1, 0, 1, 0, 1
(-4, 10): 1, 0, 1, 0, 1, 0, 1, 0, 1, 0, 1
(-5, 10): 1, 0, 1, 0, 1, 0, 1, 0, 1
(-5, 11): 1, 0, 1, 0, 1, 0, 1, 0, 1, 0, 1, 0, 1, 0, 1, 0
(-3, 9): 1, 0, 1, 0, 1, 0
(-4, 9): 1, 0, 1, 0
(-6, 11): 1, 0, 1, 0, 1, 0, 1, 0, 1, 0, 1
(-6, 12): 1, 0, 1, 0, 1, 0, 1, 0, 1, 0, 1, 0
(-5, 12): 1, 0, 1, 0, 1, 0, 1, 0, 1, 0, 1, 0, 1, 0
(-2, 9): 1, 0, 1, 0, 1
(-6, 13): 1, 0, 1, 0, 1, 0, 1, 0
(-7, 12): 1, 0, 1, 0
(-7, 13): 1, 0, 1, 0, 1, 0
(-8, 13): 1, 0, 1, 0, 1, 0
(-8, 12): 1, 0, 1
(-9, 12): 1, 0, 1
(-9, 13): 1, 0, 1, 0
(-10, 13): 1, 0
(-10, 14): 1, 0, 1
(-11, 14): 1, 0, 1
(-11, 13): 1, 0
(-12, 13): 1
(-12, 14): 1, 0
(-11, 15): 1, 0
(-10, 15): 1
(-9, 14): 1, 0, 1
(-8, 14): 1, 0, 1, 0
(-7, 14): 1, 0, 1, 0
(-6, 14): 1, 0, 1, 0
(-7, 15): 1, 0, 1, 0
(-8, 15): 1, 0, 1
(-9, 15): 1
(-8, 16): 1, 0
(-7, 16): 1, 0
(-6, 15): 1, 0
(-6, 16): 1, 0
(-5, 16): 1, 0, 1, 0
(-5, 15): 1, 0, 1, 0, 1, 0, 1
(-2, 15): 1, 0, 1, 0, 1, 0, 1, 0, 1, 0, 1
(-2, 12): 1, 0, 1, 0, 1, 0, 1, 0, 1
(-3, 8): 1, 0, 1, 0, 1
(-1, 12): 1, 0, 1, 0, 1, 0, 1
(-6, 10): 1, 0, 1
(-5, 9): 1, 0, 1
(-6, 9): 1, 0
(-6, 8): 1, 0
(-5, 8): 1, 0
(-5, 7): 1
(-4, 7): 1, 0, 1
(-3, 7): 1, 0, 1, 0
(-4, 8): 1, 0
(3, 13): 1, 0, 1, 0, 1, 0, 1
(2, 14): 1, 0, 1
(3, 14): 1, 0, 1, 0, 1, 0, 1
(3, 15): 1, 0, 1
(4, 15): 1, 0, 1, 0, 1, 0
(4, 16): 1, 0, 1, 0
(5, 16): 1, 0, 1, 0, 1, 0
(5, 17): 1, 0, 1, 0
(4, 17): 1, 0
(4, 18): 1, 0
(5, 18): 1, 0, 1
(6, 17): 1, 0, 1, 0, 1
(6, 16): 1, 0, 1, 0, 1
(5, 15): 1, 0, 1, 0
(4, 14): 1, 0, 1, 0, 1
(4, 13): 1, 0, 1, 0, 1, 0, 1, 0, 1, 0
(4, 12): 1, 0, 1, 0, 1, 0, 1, 0, 1, 0
(5, 12): 1, 0, 1, 0, 1, 0, 1, 0, 1, 0, 1, 0, 1
(5, 11): 1, 0, 1, 0, 1, 0, 1, 0, 1, 0
(4, 11): 1, 0, 1, 0, 1, 0
(4, 10): 1, 0, 1, 0, 1
(-2, 16): 1, 0, 1, 0, 1, 0, 1, 0
(-1, 16): 1, 0, 1, 0, 1, 0
(-3, 16): 1, 0, 1, 0, 1, 0, 1, 0, 1
(-3, 17): 1, 0, 1, 0, 1, 0, 1, 0, 1, 0, 1
(-4, 17): 1, 0, 1, 0, 1, 0
(-4, 18): 1, 0, 1, 0, 1
(-5, 18): 1
(-5, 19): 1, 0
(-4, 19): 1, 0, 1, 0
(-4, 20): 1, 0
(-3, 20): 1, 0
(-3, 21): 1, 0, 1, 0
(-4, 21): 1
(-4, 22): 1, 0, 1, 0
(-3, 22): 1, 0, 1, 0, 1
(-2, 21): 1, 0, 1, 0, 1, 0, 1
(-2, 20): 1, 0
(-3, 19): 1, 0, 1
(-3, 18): 1, 0, 1, 0, 1, 0
(-2, 17): 1, 0, 1, 0, 1, 0, 1, 0
(-1, 17): 1, 0, 1, 0, 1
(0, 17): 1, 0, 1, 0, 1
(0, 18): 1, 0, 1, 0
(1, 18): 1, 0, 1, 0, 1, 0
(1, 19): 1, 0, 1, 0, 1, 0, 1, 0
(0, 19): 1, 0, 1, 0, 1, 0, 1, 0
(0, 20): 1, 0, 1, 0, 1, 0, 1, 0
(-1, 20): 1, 0, 1, 0, 1
(-1, 21): 1, 0, 1, 0, 1, 0, 1, 0
(0, 21): 1, 0, 1, 0, 1, 0, 1
(0, 22): 1, 0, 1, 0, 1, 0, 1, 0, 1
(1, 22): 1, 0, 1, 0
(1, 21): 1, 0, 1, 0
(1, 20): 1, 0, 1, 0, 1
(2, 19): 1, 0, 1, 0
(2, 18): 1, 0, 1
(1, 17): 1, 0
(0, 16): 1, 0
(-2, 18): 1, 0, 1, 0, 1, 0, 1, 0
(-1, 18): 1, 0, 1, 0, 1, 0, 1
(-1, 19): 1, 0, 1, 0, 1, 0
(-2, 19): 1, 0, 1, 0
(-5, 20): 1
(-4, 16): 1, 0, 1, 0, 1, 0, 1
(-5, 17): 1, 0
(2, 21): 1, 0, 1
(2, 22): 1, 0, 1
(3, 22): 1, 0, 1, 0
(3, 21): 1, 0, 1, 0, 1
(2, 20): 1, 0, 1
(3, 20): 1, 0, 1, 0
(4, 21): 1, 0, 1
(4, 20): 1, 0, 1
(5, 20): 1, 0, 1
(5, 19): 1, 0, 1
(4, 19): 1, 0
(4, 22): 1, 0
(3, 19): 1
(-2, 22): 1, 0, 1, 0, 1, 0, 1
(-1, 22): 1, 0, 1, 0, 1, 0, 1, 0, 1, 0
(-3, 23): 1, 0, 1
(-2, 23): 1, 0, 1, 0
(-1, 23): 1, 0, 1, 0, 1
(-2, 24): 1, 0, 1
(-3, 24): 1, 0, 1
(-3, 25): 1, 0, 1, 0
(-4, 25): 1, 0, 1, 0, 1
(-4, 26): 1, 0, 1, 0, 1
(-3, 26): 1, 0, 1, 0, 1
(-3, 27): 1, 0, 1, 0
(-2, 27): 1
(-2, 26): 1, 0, 1, 0
(-4, 27): 1, 0, 1
(-4, 28): 1
(-3, 28): 1
(-2, 25): 1, 0, 1, 0
(-1, 26): 1
(-1, 25): 1, 0, 1
(-1, 24): 1, 0
(0, 25): 1
(0, 24): 1, 0
(1, 24): 1
(1, 23): 1, 0
(2, 23): 1, 0, 1
(3, 23): 1, 0, 1
(2, 24): 1
(3, 24): 1
(4, 23): 1
(5, 22): 1, 0
(5, 23): 1
(6, 23): 1, 0, 1
(6, 24): 1, 0
(5, 24): 1
(5, 25): 1
(6, 25): 1, 0
(7, 24): 1, 0, 1
(7, 23): 1, 0, 1, 0, 1
(8, 23): 1, 0, 1
(8, 22): 1, 0, 1, 0
(7, 22): 1, 0, 1, 0
(6, 22): 1, 0, 1
(5, 21): 1, 0
(6, 21): 1, 0, 1
(6, 20): 1, 0
(6, 19): 1
(6, 18): 1, 0, 1
(7, 18): 1, 0, 1, 0
(7, 19): 1
(8, 19): 1, 0, 1
(8, 20): 1, 0
(9, 20): 1, 0, 1, 0, 1
(9, 19): 1, 0, 1
(9, 21): 1, 0, 1, 0, 1, 0
(10, 21): 1, 0, 1, 0, 1
(10, 20): 1, 0, 1, 0, 1
(8, 21): 1, 0
(7, 21): 1
(8, 24): 1, 0, 1, 0
(9, 24): 1, 0, 1
(9, 25): 1, 0, 1
(8, 25): 1, 0, 1, 0
(8, 26): 1, 0, 1, 0, 1, 0
(7, 26): 1, 0, 1, 0, 1, 0, 1
(7, 27): 1, 0, 1, 0, 1, 0, 1, 0, 1, 0, 1, 0, 1
(8, 27): 1, 0, 1, 0, 1, 0, 1, 0, 1, 0, 1, 0
(8, 28): 1, 0, 1, 0, 1, 0, 1, 0, 1, 0
(7, 28): 1, 0, 1, 0, 1, 0, 1, 0, 1, 0, 1
(6, 27): 1, 0, 1
(6, 28): 1, 0, 1, 0, 1, 0
(5, 28): 1, 0
(5, 29): 1
(6, 29): 1, 0, 1, 0, 1
(7, 29): 1, 0, 1, 0, 1, 0, 1
(6, 30): 1, 0, 1
(7, 30): 1, 0, 1, 0, 1, 0
(7, 31): 1, 0, 1, 0, 1, 0
(6, 31): 1, 0
(6, 32): 1, 0, 1
(7, 32): 1, 0, 1, 0, 1, 0, 1
(8, 31): 1, 0, 1, 0, 1, 0, 1, 0
(8, 32): 1, 0, 1, 0, 1, 0, 1, 0, 1
(9, 32): 1, 0, 1, 0, 1, 0, 1, 0, 1
(9, 33): 1, 0, 1, 0, 1, 0, 1, 0, 1, 0, 1, 0, 1, 0, 1
(10, 33): 1, 0, 1, 0, 1, 0, 1, 0, 1, 0, 1
(10, 32): 1, 0, 1, 0, 1, 0, 1
(9, 31): 1, 0, 1, 0, 1, 0
(8, 30): 1, 0, 1, 0, 1, 0, 1
(9, 30): 1, 0, 1, 0, 1, 0, 1, 0
(9, 29): 1, 0, 1, 0, 1, 0, 1, 0, 1, 0
(8, 29): 1, 0, 1, 0, 1, 0
(9, 28): 1, 0, 1, 0, 1, 0
(10, 29): 1, 0, 1, 0, 1, 0, 1, 0, 1, 0, 1
(10, 30): 1, 0, 1, 0, 1, 0, 1, 0, 1
(11, 30): 1, 0, 1, 0, 1, 0, 1
(11, 29): 1, 0, 1, 0, 1, 0, 1
(10, 28): 1, 0, 1, 0, 1, 0, 1, 0
(11, 28): 1, 0, 1, 0, 1, 0, 1, 0, 1
(12, 29): 1, 0, 1, 0
(12, 28): 1, 0, 1, 0, 1, 0, 1
(13, 28): 1, 0, 1
(13, 27): 1, 0
(12, 27): 1, 0, 1, 0, 1, 0, 1, 0
(12, 30): 1, 0, 1
(11, 27): 1, 0, 1, 0, 1, 0, 1, 0, 1, 0, 1
(10, 27): 1, 0, 1, 0, 1, 0, 1
(10, 26): 1, 0, 1, 0, 1, 0
(11, 26): 1, 0, 1, 0, 1, 0, 1, 0
(11, 25): 1, 0, 1, 0
(10, 25): 1, 0
(9, 26): 1, 0
(9, 27): 1, 0, 1
(7, 33): 1, 0, 1, 0, 1, 0, 1, 0, 1
(8, 33): 1, 0, 1, 0, 1, 0, 1, 0, 1, 0, 1, 0, 1
(8, 34): 1, 0, 1, 0, 1, 0, 1, 0, 1, 0, 1, 0, 1, 0
(9, 34): 1, 0, 1, 0, 1, 0, 1, 0, 1, 0, 1
(7, 34): 1, 0, 1, 0, 1, 0, 1, 0, 1, 0, 1
(7, 35): 1, 0, 1, 0, 1, 0, 1, 0, 1, 0, 1, 0, 1, 0, 1, 0
(8, 35): 1, 0, 1, 0, 1, 0, 1, 0, 1, 0, 1, 0, 1, 0, 1
(8, 36): 1, 0, 1, 0, 1, 0, 1, 0, 1, 0, 1, 0, 1
(9, 36): 1, 0, 1, 0, 1, 0
(9, 35): 1, 0, 1, 0, 1
(10, 34): 1, 0, 1, 0, 1, 0, 1
(6, 33): 1, 0, 1, 0
(6, 34): 1, 0, 1, 0, 1, 0
(5, 34): 1, 0, 1, 0
(5, 33): 1
(10, 31): 1, 0, 1, 0, 1, 0
(12, 26): 1, 0, 1, 0
(13, 29): 1, 0
(14, 29): 1, 0, 1, 0
(14, 28): 1
(15, 28): 1
(15, 29): 1, 0, 1, 0
(14, 30): 1, 0, 1, 0, 1, 0, 1
(15, 30): 1, 0, 1, 0
(13, 30): 1, 0, 1, 0, 1
(13, 31): 1, 0, 1, 0, 1, 0
(14, 31): 1, 0, 1, 0, 1
(12, 31): 1, 0, 1, 0, 1, 0
(12, 32): 1, 0, 1, 0, 1, 0, 1, 0, 1
(11, 32): 1, 0, 1, 0, 1, 0, 1, 0, 1, 0
(11, 33): 1, 0, 1, 0, 1, 0, 1
(11, 34): 1, 0, 1
(12, 33): 1, 0, 1, 0, 1
(12, 34): 1
(7, 36): 1, 0, 1, 0, 1, 0, 1, 0, 1, 0, 1, 0, 1, 0, 1, 0
(6, 35): 1, 0, 1, 0, 1, 0, 1, 0, 1
(6, 36): 1, 0, 1, 0, 1, 0, 1, 0, 1, 0, 1, 0, 1
(5, 35): 1, 0, 1, 0, 1, 0, 1, 0
(5, 36): 1, 0, 1, 0, 1, 0, 1, 0, 1, 0, 1
(5, 37): 1, 0, 1, 0, 1, 0, 1, 0, 1, 0, 1, 0, 1, 0, 1, 0
(6, 37): 1, 0, 1, 0, 1, 0, 1, 0, 1, 0, 1, 0, 1
(7, 37): 1, 0, 1, 0, 1, 0
(4, 35): 1, 0, 1, 0, 1, 0
(4, 36): 1, 0, 1, 0, 1, 0, 1
(4, 37): 1, 0, 1, 0, 1, 0
(3, 36): 1, 0
(3, 35): 1
(4, 34): 1
(6, 38): 1, 0, 1, 0, 1, 0, 1, 0, 1
(5, 38): 1, 0, 1, 0, 1, 0, 1, 0, 1, 0, 1, 0, 1, 0, 1
(4, 38): 1, 0, 1, 0, 1, 0, 1, 0, 1
(5, 39): 1, 0, 1, 0, 1
(4, 39): 1, 0, 1, 0, 1
(3, 38): 1, 0, 1
(3, 37): 1, 0
(2, 37): 1, 0
(2, 38): 1, 0, 1
(3, 39): 1, 0
(6, 39): 1, 0, 1, 0
(7, 38): 1, 0
(7, 39): 1, 0, 1, 0
(8, 39): 1, 0
(8, 40): 1, 0
(7, 40): 1, 0
(8, 37): 1, 0, 1, 0, 1, 0
(8, 38): 1, 0
(9, 38): 1
(9, 37): 1, 0, 1, 0
(10, 37): 1
(10, 36): 1, 0, 1
(11, 36): 1, 0
(11, 37): 1
(12, 37): 1, 0
(12, 38): 1
(13, 38): 1
(13, 37): 1
(12, 36): 1
(11, 35): 1, 0
(10, 35): 1, 0
(11, 31): 1, 0, 1, 0, 1, 0, 1, 0
(12, 25): 1, 0
(12, 24): 1, 0
(13, 24): 1
(13, 23): 1
(12, 23): 1, 0
(12, 22): 1, 0, 1, 0
(11, 22): 1, 0, 1, 0, 1
(11, 21): 1, 0, 1
(12, 21): 1, 0, 1
(13, 22): 1
(13, 21): 1
(11, 23): 1, 0
(10, 23): 1, 0
(10, 22): 1, 0, 1
(11, 20): 1, 0, 1
(11, 19): 1, 0, 1, 0, 1
(12, 19): 1, 0, 1
(12, 18): 1, 0, 1, 0, 1
(11, 18): 1, 0, 1, 0, 1
(10, 19): 1, 0, 1, 0
(10, 18): 1, 0, 1, 0, 1
(9, 18): 1, 0, 1, 0, 1
(9, 17): 1, 0, 1, 0, 1, 0, 1
(10, 17): 1, 0, 1, 0, 1, 0, 1, 0
(10, 16): 1, 0, 1, 0, 1
(9, 16): 1, 0, 1, 0, 1
(8, 17): 1, 0, 1
(8, 18): 1, 0, 1, 0
(7, 17): 1, 0, 1
(7, 16): 1, 0, 1, 0, 1
(7, 15): 1, 0, 1, 0, 1, 0, 1, 0, 1
(6, 15): 1, 0, 1, 0
(6, 14): 1, 0
(7, 14): 1, 0, 1, 0, 1, 0
(8, 15): 1, 0, 1, 0, 1, 0, 1
(8, 14): 1, 0, 1, 0, 1, 0, 1
(9, 14): 1, 0, 1
(9, 13): 1, 0, 1, 0, 1, 0, 1, 0, 1
(10, 13): 1, 0, 1, 0, 1, 0, 1, 0, 1
(10, 14): 1, 0, 1, 0, 1
(9, 15): 1, 0
(10, 15): 1, 0
(11, 14): 1, 0, 1, 0, 1
(11, 13): 1, 0, 1, 0, 1, 0, 1, 0, 1, 0, 1, 0, 1
(10, 12): 1, 0, 1, 0, 1, 0, 1, 0, 1, 0, 1, 0
(11, 12): 1, 0, 1, 0, 1, 0, 1, 0, 1, 0, 1, 0, 1, 0, 1, 0, 1, 0
(13, 10): 1, 0, 1, 0, 1, 0
(13, 11): 1, 0, 1, 0, 1, 0, 1, 0
(12, 12): 1, 0, 1, 0, 1, 0, 1, 0, 1, 0, 1, 0, 1, 0, 1, 0, 1
(11, 15): 1
(12, 13): 1, 0, 1, 0, 1, 0, 1, 0, 1, 0, 1
(12, 14): 1, 0, 1, 0
(13, 14): 1, 0, 1, 0
(13, 13): 1, 0, 1, 0, 1, 0, 1, 0
(14, 13): 1, 0, 1, 0, 1, 0
(14, 12): 1, 0, 1, 0, 1, 0, 1, 0
(13, 12): 1, 0, 1, 0, 1, 0, 1, 0, 1, 0
(14, 11): 1, 0, 1, 0, 1, 0
(15, 12): 1, 0, 1, 0, 1, 0
(15, 11): 1, 0, 1, 0, 1, 0, 1, 0
(14, 10): 1, 0, 1, 0, 1
(13, 9): 1, 0, 1, 0, 1
(12, 9): 1, 0, 1, 0, 1
(14, 9): 1, 0, 1, 0
(14, 14): 1, 0, 1
(13, 15): 1, 0
(14, 15): 1, 0, 1
(14, 16): 1, 0, 1
(15, 16): 1
(15, 17): 1
(14, 17): 1
(13, 16): 1, 0
(15, 14): 1, 0
(15, 13): 1, 0
(15, 15): 1
(13, 17): 1, 0
(12, 17): 1, 0, 1, 0, 1
(11, 17): 1, 0, 1, 0, 1, 0
(8, 16): 1, 0, 1, 0
(11, 16): 1, 0, 1
(13, 18): 1, 0
(13, 19): 1
(12, 16): 1, 0
(12, 20): 1
(9, 22): 1, 0, 1
(9, 23): 1
(10, 24): 1
(7, 25): 1, 0
(11, 24): 1
(5, 27): 1
(6, 26): 1
(13, 32): 1, 0, 1, 0
(14, 32): 1, 0, 1, 0
(13, 33): 1, 0
(14, 33): 1, 0, 1, 0
(14, 34): 1
(15, 34): 1, 0, 1
(15, 35): 1, 0
(14, 35): 1
(14, 36): 1
(15, 36): 1, 0
(15, 37): 1
(16, 37): 1, 0
(16, 38): 1
(17, 38): 1
(17, 37): 1
(16, 36): 1
(16, 35): 1
(16, 34): 1, 0
(15, 33): 1, 0, 1, 0
(15, 32): 1, 0
(16, 33): 1
(15, 31): 1
(16, 29): 1
(16, 30): 1
(1, 38): 1, 0
(1, 39): 1, 0, 1
(0, 39): 1, 0, 1, 0
(0, 40): 1, 0, 1
(-1, 40): 1, 0, 1
(-1, 39): 1, 0, 1, 0, 1
(-2, 39): 1, 0, 1, 0
(-2, 38): 1, 0, 1, 0, 1
(-1, 38): 1, 0, 1, 0
(-2, 40): 1, 0
(-3, 40): 1, 0, 1
(-3, 39): 1
(-3, 38): 1, 0
(-3, 37): 1, 0, 1, 0, 1
(-2, 37): 1, 0, 1, 0, 1, 0
(-1, 37): 1, 0, 1
(-2, 36): 1, 0, 1, 0, 1, 0, 1
(-3, 36): 1, 0, 1, 0, 1, 0, 1
(-3, 35): 1, 0, 1, 0, 1
(-4, 35): 1, 0, 1, 0, 1
(-4, 36): 1, 0, 1
(-1, 36): 1, 0
(-4, 37): 1, 0
(-4, 38): 1, 0
(-5, 38): 1, 0, 1
(-5, 37): 1
(-6, 37): 1, 0
(-6, 38): 1, 0, 1
(-5, 39): 1, 0, 1, 0
(-4, 39): 1, 0
(-4, 40): 1, 0, 1, 0, 1
(-5, 40): 1, 0, 1, 0, 1
(-5, 41): 1, 0, 1, 0, 1, 0, 1, 0, 1
(-4, 41): 1, 0, 1, 0
(-3, 41): 1, 0
(-2, 41): 1, 0
(-2, 42): 1
(-1, 42): 1
(-1, 41): 1
(1, 40): 1
(2, 39): 1
(0, 38): 1
(-2, 35): 1, 0, 1, 0
(-1, 35): 1
(-2, 34): 1
(-3, 34): 1, 0
(-3, 33): 1, 0
(-2, 33): 1
(-2, 32): 1
(-3, 32): 1, 0
(-4, 33): 1, 0
(-4, 32): 1, 0
(-3, 31): 1
(-4, 31): 1
(-5, 32): 1
(-5, 33): 1, 0
(-4, 34): 1, 0, 1
(-5, 34): 1, 0, 1
(-5, 35): 1, 0, 1
(-5, 36): 1
(-6, 41): 1, 0, 1, 0, 1, 0, 1
(-6, 42): 1, 0, 1, 0, 1, 0, 1
(-5, 42): 1, 0, 1, 0, 1, 0, 1, 0
(-5, 43): 1, 0, 1, 0
(-6, 43): 1, 0, 1, 0
(-6, 44): 1, 0, 1, 0
(-7, 44): 1, 0, 1
(-7, 43): 1, 0
(-8, 43): 1, 0, 1
(-8, 42): 1, 0, 1
(-7, 42): 1, 0
(-7, 41): 1, 0
(-8, 41): 1
(-9, 42): 1, 0
(-9, 43): 1, 0
(-8, 44): 1
(-7, 45): 1, 0, 1, 0, 1
(-6, 45): 1, 0, 1
(-5, 44): 1, 0
(-4, 42): 1, 0
(-8, 45): 1, 0
(-8, 46): 1, 0, 1
(-7, 46): 1, 0, 1, 0
(-6, 46): 1, 0, 1
(-7, 47): 1, 0
(-6, 47): 1, 0, 1
(-5, 46): 1
(-5, 47): 1
(-6, 48): 1
(-7, 48): 1
(-4, 43): 1
(-6, 40): 1, 0, 1, 0, 1, 0
(-6, 39): 1, 0, 1, 0, 1
(-7, 40): 1, 0, 1, 0
(-7, 39): 1, 0, 1, 0
(-7, 38): 1, 0, 1
(-7, 37): 1, 0
(-8, 37): 1, 0, 1, 0
(-8, 36): 1, 0, 1, 0
(-9, 36): 1, 0, 1, 0, 1
(-9, 37): 1, 0, 1, 0, 1, 0
(-8, 38): 1, 0, 1, 0
(-9, 38): 1, 0, 1, 0, 1
(-10, 37): 1, 0, 1, 0, 1, 0, 1, 0
(-10, 38): 1, 0, 1, 0, 1, 0
(-9, 39): 1, 0, 1, 0
(-8, 39): 1, 0, 1
(-8, 40): 1
(-9, 40): 1
(-10, 39): 1, 0, 1
(-11, 38): 1, 0, 1, 0, 1, 0, 1, 0, 1
(-11, 37): 1, 0, 1, 0, 1, 0, 1, 0, 1, 0
(-12, 37): 1, 0, 1, 0, 1, 0, 1, 0, 1, 0, 1, 0, 1
(-12, 38): 1, 0, 1, 0, 1, 0, 1, 0, 1, 0, 1, 0, 1
(-13, 38): 1, 0, 1, 0, 1, 0, 1, 0, 1, 0, 1, 0, 1, 0
(-13, 39): 1, 0, 1, 0, 1, 0, 1, 0, 1, 0
(-12, 39): 1, 0, 1, 0, 1, 0, 1, 0, 1, 0
(-11, 39): 1, 0, 1, 0, 1
(-13, 37): 1, 0, 1, 0, 1, 0, 1, 0, 1, 0, 1, 0, 1, 0, 1
(-14, 37): 1, 0, 1, 0, 1, 0, 1, 0, 1, 0
(-14, 38): 1, 0, 1, 0, 1, 0, 1, 0
(-15, 38): 1, 0, 1, 0, 1, 0, 1
(-15, 37): 1, 0, 1, 0, 1, 0, 1
(-16, 37): 1, 0, 1, 0, 1, 0, 1, 0, 1, 0
(-16, 36): 1, 0, 1, 0, 1, 0, 1, 0, 1, 0, 1
(-17, 36): 1, 0, 1, 0, 1, 0, 1, 0, 1, 0, 1
(-17, 37): 1, 0, 1, 0, 1, 0, 1, 0, 1, 0, 1, 0, 1
(-16, 38): 1, 0, 1, 0, 1, 0, 1, 0, 1, 0, 1
(-17, 38): 1, 0, 1, 0, 1, 0, 1, 0, 1, 0, 1, 0, 1, 0, 1
(-18, 37): 1, 0, 1, 0, 1, 0, 1, 0, 1, 0, 1
(-18, 38): 1, 0, 1, 0, 1, 0, 1, 0, 1, 0, 1, 0, 1, 0, 1
(-17, 39): 1, 0, 1, 0, 1, 0, 1, 0, 1, 0, 1, 0, 1, 0, 1, 0
(-16, 39): 1, 0, 1, 0, 1, 0, 1, 0, 1, 0, 1, 0, 1
(-14, 36): 1, 0, 1, 0, 1, 0
(-13, 36): 1, 0, 1, 0, 1, 0, 1, 0, 1
(-13, 35): 1, 0, 1, 0
(-14, 35): 1, 0, 1, 0, 1, 0, 1
(-14, 34): 1, 0, 1, 0, 1, 0, 1, 0, 1
(-15, 34): 1, 0, 1, 0, 1, 0, 1, 0, 1, 0, 1, 0, 1
(-15, 35): 1, 0, 1, 0, 1, 0, 1, 0, 1, 0, 1, 0
(-16, 35): 1, 0, 1, 0, 1, 0, 1, 0, 1, 0, 1, 0
(-16, 34): 1, 0, 1, 0, 1, 0, 1, 0, 1, 0, 1
(-15, 33): 1, 0, 1, 0, 1, 0, 1
(-16, 33): 1, 0, 1, 0, 1, 0, 1, 0, 1
(-16, 32): 1, 0, 1, 0, 1, 0, 1
(-17, 32): 1, 0, 1, 0, 1, 0, 1, 0, 1
(-17, 33): 1, 0, 1, 0, 1, 0, 1, 0, 1, 0, 1
(-17, 34): 1, 0, 1, 0, 1, 0, 1, 0, 1, 0, 1, 0
(-18, 33): 1, 0, 1, 0, 1, 0, 1, 0, 1, 0, 1, 0
(-18, 34): 1, 0, 1, 0, 1, 0, 1, 0, 1, 0
(-19, 34): 1, 0, 1, 0, 1, 0
(-19, 33): 1, 0, 1, 0, 1, 0, 1, 0, 1
(-20, 33): 1, 0, 1, 0, 1, 0, 1, 0, 1
(-20, 34): 1, 0, 1, 0, 1, 0, 1, 0
(-19, 35): 1, 0, 1, 0, 1, 0, 1
(-20, 35): 1, 0, 1, 0, 1
(-20, 36): 1, 0, 1, 0, 1, 0, 1
(-21, 36): 1, 0, 1, 0, 1, 0, 1
(-21, 37): 1, 0, 1, 0, 1, 0, 1, 0, 1, 0, 1, 0
(-20, 37): 1, 0, 1, 0, 1, 0, 1, 0, 1, 0
(-19, 36): 1, 0, 1, 0, 1, 0, 1, 0, 1
(-18, 35): 1, 0, 1, 0, 1, 0, 1, 0, 1, 0
(-18, 36): 1, 0, 1, 0, 1, 0, 1, 0, 1, 0
(-15, 36): 1, 0, 1, 0, 1, 0
(-19, 38): 1, 0, 1, 0, 1, 0, 1, 0, 1, 0, 1, 0
(-19, 39): 1, 0, 1, 0, 1, 0, 1, 0, 1, 0, 1, 0, 1
(-20, 39): 1, 0, 1, 0, 1, 0, 1, 0
(-20, 40): 1, 0, 1, 0, 1, 0, 1, 0
(-21, 40): 1, 0, 1, 0, 1
(-21, 41): 1, 0, 1, 0, 1, 0
(-20, 41): 1, 0, 1, 0, 1, 0, 1
(-20, 42): 1, 0, 1, 0, 1, 0
(-19, 42): 1, 0, 1, 0, 1, 0, 1, 0
(-19, 41): 1, 0, 1, 0, 1, 0, 1
(-21, 42): 1, 0, 1, 0, 1, 0
(-21, 43): 1, 0, 1, 0, 1, 0
(-22, 43): 1, 0, 1, 0, 1, 0, 1
(-22, 42): 1, 0, 1, 0, 1, 0, 1, 0
(-22, 41): 1, 0, 1, 0, 1
(-23, 42): 1, 0, 1, 0, 1, 0
(-23, 43): 1, 0, 1, 0, 1, 0
(-24, 43): 1, 0
(-24, 44): 1, 0, 1
(-23, 44): 1, 0, 1
(-23, 41): 1, 0, 1
(-22, 44): 1, 0, 1
(-21, 44): 1, 0, 1, 0, 1, 0
(-21, 45): 1, 0, 1, 0, 1, 0
(-22, 45): 1, 0, 1, 0
(-22, 46): 1, 0, 1, 0, 1, 0, 1, 0
(-21, 46): 1, 0, 1, 0, 1, 0, 1, 0
(-20, 45): 1, 0, 1, 0
(-20, 44): 1, 0, 1, 0, 1
(-19, 44): 1, 0, 1, 0, 1
(-19, 45): 1, 0, 1, 0
(-18, 45): 1, 0, 1, 0, 1, 0, 1, 0
(-18, 44): 1, 0, 1, 0, 1, 0, 1
(-19, 43): 1, 0, 1, 0, 1, 0
(-20, 43): 1, 0, 1, 0, 1, 0
(-18, 43): 1, 0, 1, 0, 1
(-18, 42): 1, 0, 1, 0, 1, 0, 1, 0, 1
(-18, 41): 1, 0, 1, 0, 1, 0, 1, 0, 1, 0
(-23, 45): 1, 0, 1, 0, 1
(-24, 45): 1, 0, 1, 0
(-20, 46): 1, 0, 1, 0
(-21, 47): 1, 0, 1, 0, 1, 0, 1
(-20, 47): 1, 0, 1, 0
(-22, 47): 1, 0, 1, 0, 1
(-22, 48): 1
(-21, 48): 1, 0, 1
(-21, 49): 1
(-20, 49): 1, 0
(-20, 50): 1, 0
(-19, 50): 1, 0, 1
(-19, 49): 1, 0, 1
(-18, 49): 1, 0
(-18, 48): 1, 0, 1, 0
(-17, 48): 1, 0, 1, 0
(-17, 47): 1, 0, 1, 0, 1
(-18, 47): 1, 0, 1, 0, 1, 0
(-19, 48): 1, 0, 1
(-20, 48): 1, 0, 1
(-19, 47): 1, 0, 1, 0, 1
(-23, 46): 1, 0, 1, 0, 1
(-24, 46): 1, 0, 1
(-23, 47): 1
(-19, 46): 1, 0, 1, 0
(-17, 44): 1, 0, 1, 0, 1, 0, 1, 0, 1
(-17, 45): 1, 0, 1, 0, 1, 0, 1, 0, 1
(-18, 46): 1, 0, 1, 0, 1, 0
(-17, 46): 1, 0, 1, 0
(-17, 43): 1, 0, 1, 0, 1, 0
(-16, 43): 1, 0, 1, 0, 1, 0, 1, 0, 1, 0
(-16, 42): 1, 0, 1, 0, 1, 0, 1, 0, 1
(-17, 42): 1, 0, 1, 0, 1, 0, 1, 0, 1, 0
(-17, 41): 1, 0, 1, 0, 1, 0, 1, 0, 1, 0, 1, 0
(-15, 42): 1, 0, 1, 0, 1, 0
(-15, 43): 1, 0, 1, 0, 1, 0, 1, 0
(-16, 44): 1, 0, 1, 0, 1, 0, 1, 0, 1
(-15, 44): 1, 0, 1, 0, 1
(-14, 43): 1, 0, 1, 0, 1
(-14, 42): 1, 0, 1, 0, 1, 0
(-16, 41): 1, 0, 1, 0, 1, 0, 1, 0, 1, 0
(-16, 40): 1, 0, 1, 0, 1, 0, 1, 0, 1, 0, 1, 0, 1, 0
(-15, 40): 1, 0, 1, 0, 1, 0, 1, 0, 1, 0, 1
(-15, 39): 1, 0, 1, 0, 1
(-17, 40): 1, 0, 1, 0, 1, 0, 1, 0, 1, 0, 1, 0, 1, 0, 1
(-18, 39): 1, 0, 1, 0, 1, 0, 1, 0, 1, 0, 1
(-18, 40): 1, 0, 1, 0, 1, 0, 1, 0, 1
(-15, 41): 1, 0, 1, 0, 1, 0, 1, 0, 1
(-14, 41): 1, 0, 1, 0, 1, 0
(-14, 40): 1, 0, 1, 0, 1, 0, 1, 0
(-13, 42): 1, 0, 1, 0
(-13, 43): 1, 0, 1, 0
(-14, 44): 1, 0
(-13, 44): 1
(-12, 43): 1, 0
(-12, 42): 1, 0, 1
(-11, 42): 1, 0
(-11, 43): 1
(-11, 41): 1, 0
(-12, 41): 1, 0
(-13, 41): 1, 0
(-16, 45): 1, 0, 1, 0, 1
(-25, 46): 1, 0
(-25, 45): 1
(-26, 45): 1
(-26, 46): 1
(-25, 47): 1, 0
(-26, 47): 1
(-26, 48): 1
(-25, 48): 1, 0, 1
(-25, 49): 1, 0, 1
(-24, 49): 1
(-24, 48): 1, 0
(-24, 47): 1
(-26, 49): 1, 0
(-26, 50): 1, 0, 1
(-25, 50): 1, 0
(-25, 51): 1, 0
(-26, 51): 1, 0
(-26, 52): 1, 0, 1
(-27, 52): 1, 0, 1
(-27, 53): 1, 0, 1
(-26, 53): 1, 0, 1, 0
(-25, 52): 1, 0
(-25, 53): 1, 0
(-26, 54): 1, 0
(-25, 54): 1, 0
(-24, 53): 1
(-24, 52): 1
(-27, 50): 1
(-27, 49): 1
(-28, 49): 1
(-28, 50): 1, 0
(-29, 50): 1, 0
(-29, 51): 1, 0, 1, 0, 1
(-28, 51): 1, 0, 1, 0
(-28, 52): 1, 0, 1
(-29, 52): 1, 0, 1, 0
(-30, 51): 1, 0
(-30, 52): 1, 0, 1
(-31, 52): 1
(-31, 53): 1
(-30, 53): 1, 0
(-29, 53): 1
(-30, 54): 1
(-29, 54): 1
(-29, 55): 1, 0
(-30, 55): 1
(-30, 56): 1
(-29, 56): 1
(-28, 55): 1, 0
(-28, 56): 1
(-27, 56): 1, 0
(-27, 57): 1
(-26, 57): 1
(-26, 56): 1
(-27, 55): 1
(-28, 54): 1
(-27, 54): 1
(-27, 51): 1
(-25, 55): 1
(-24, 55): 1
(-24, 56): 1
(-23, 56): 1, 0
(-23, 57): 1, 0
(-22, 57): 1, 0, 1, 0
(-22, 56): 1, 0, 1
(-21, 56): 1, 0, 1, 0, 1
(-21, 55): 1, 0, 1, 0, 1
(-22, 55): 1, 0
(-21, 57): 1, 0, 1, 0, 1
(-20, 57): 1, 0, 1, 0
(-20, 58): 1, 0, 1, 0, 1, 0, 1
(-21, 58): 1, 0, 1, 0, 1, 0, 1
(-22, 58): 1, 0, 1
(-21, 59): 1, 0, 1, 0, 1
(-20, 59): 1, 0, 1, 0, 1, 0
(-20, 60): 1, 0
(-19, 60): 1, 0, 1
(-19, 59): 1, 0, 1
(-22, 59): 1
(-19, 58): 1, 0, 1
(-19, 57): 1, 0, 1
(-18, 57): 1, 0, 1, 0, 1
(-18, 58): 1, 0, 1
(-17, 58): 1, 0, 1, 0, 1, 0
(-17, 57): 1, 0, 1, 0, 1, 0, 1
(-18, 56): 1, 0, 1
(-19, 56): 1, 0
(-19, 55): 1, 0, 1
(-18, 55): 1, 0
(-18, 54): 1, 0, 1, 0
(-19, 54): 1, 0, 1
(-20, 55): 1, 0, 1, 0, 1
(-20, 56): 1, 0, 1, 0
(-20, 54): 1, 0, 1
(-21, 54): 1, 0, 1, 0, 1
(-22, 54): 1, 0
(-18, 59): 1, 0, 1, 0
(-18, 60): 1, 0, 1
(-17, 56): 1, 0, 1, 0
(-16, 57): 1, 0, 1, 0, 1
(-16, 56): 1, 0, 1
(-16, 58): 1, 0, 1, 0
(-15, 58): 1
(-15, 57): 1, 0
(-14, 57): 1
(-14, 56): 1, 0
(-13, 56): 1
(-13, 55): 1
(-14, 55): 1, 0
(-14, 54): 1
(-15, 54): 1, 0
(-15, 53): 1
(-16, 53): 1
(-16, 54): 1
(-15, 55): 1, 0
(-15, 56): 1, 0
(-16, 55): 1
(-17, 59): 1, 0, 1, 0
(-17, 60): 1, 0
(-16, 59): 1
(-17, 55): 1
(-19, 53): 1, 0
(-18, 53): 1, 0
(-17, 54): 1
(-17, 53): 1
(-20, 53): 1, 0, 1
(-20, 52): 1, 0, 1
(-21, 52): 1, 0
(-21, 53): 1, 0, 1
(-22, 53): 1
(-21, 51): 1
(-20, 51): 1, 0
(-19, 52): 1
(-19, 51): 1, 0
(-18, 51): 1, 0, 1
(-18, 52): 1
(-17, 52): 1, 0
(-17, 51): 1, 0, 1, 0
(-18, 50): 1, 0
(-17, 49): 1
(-16, 49): 1, 0, 1
(-16, 48): 1, 0, 1
(-16, 47): 1, 0, 1
(-16, 46): 1, 0
(-15, 46): 1, 0
(-15, 45): 1, 0
(-15, 48): 1, 0
(-15, 49): 1, 0, 1
(-12, 36): 1, 0, 1, 0, 1, 0, 1
(-14, 39): 1, 0, 1, 0, 1, 0, 1, 0
(-13, 40): 1, 0, 1, 0, 1
(-10, 36): 1, 0, 1, 0, 1, 0
(-12, 40): 1, 0, 1, 0, 1
(-11, 40): 1, 0, 1
(-19, 40): 1, 0, 1, 0, 1, 0, 1
(-21, 39): 1, 0, 1, 0
(-20, 38): 1, 0, 1, 0, 1, 0, 1, 0, 1, 0
(-21, 38): 1, 0, 1, 0, 1, 0, 1, 0, 1
(-19, 37): 1, 0, 1, 0, 1, 0, 1, 0
(-22, 37): 1, 0, 1, 0, 1, 0, 1, 0, 1, 0, 1, 0
(-22, 38): 1, 0, 1, 0, 1, 0, 1, 0, 1, 0, 1
(-23, 38): 1, 0, 1, 0, 1, 0, 1, 0, 1, 0, 1
(-23, 39): 1, 0, 1, 0, 1
(-24, 39): 1, 0, 1, 0, 1, 0, 1, 0, 1
(-24, 38): 1, 0, 1, 0, 1, 0, 1, 0, 1, 0
(-25, 38): 1, 0, 1, 0, 1, 0, 1, 0, 1, 0
(-25, 37): 1, 0, 1, 0
(-24, 37): 1, 0, 1, 0, 1, 0, 1
(-23, 37): 1, 0, 1, 0, 1, 0, 1, 0, 1, 0
(-22, 36): 1, 0, 1, 0, 1, 0
(-21, 35): 1, 0, 1, 0, 1, 0, 1
(-22, 35): 1, 0, 1
(-22, 34): 1, 0
(-21, 34): 1, 0, 1, 0, 1, 0, 1
(-17, 35): 1, 0, 1, 0, 1, 0, 1, 0, 1
(-11, 36): 1, 0, 1, 0, 1, 0, 1
(-11, 35): 1, 0, 1, 0, 1, 0
(-12, 35): 1, 0, 1, 0, 1, 0
(-14, 45): 1, 0
(-14, 46): 1, 0
(-15, 47): 1
(-14, 47): 1
(-14, 48): 1, 0
(-16, 50): 1
(-17, 50): 1, 0
(-16, 51): 1, 0
(-16, 52): 1, 0
(-15, 52): 1
(-15, 51): 1
(-14, 51): 1, 0, 1, 0
(-14, 52): 1, 0, 1
(-13, 52): 1, 0, 1
(-13, 51): 1, 0, 1, 0
(-14, 50): 1, 0, 1
(-15, 50): 1
(-14, 49): 1, 0, 1
(-13, 50): 1, 0, 1
(-13, 49): 1, 0, 1
(-13, 48): 1, 0
(-12, 51): 1
(-12, 50): 1
(-12, 49): 1
(-12, 48): 1, 0
(-11, 48): 1
(-11, 47): 1
(-12, 47): 1, 0, 1, 0
(-12, 46): 1, 0, 1, 0, 1
(-11, 46): 1
(-11, 45): 1, 0
(-12, 45): 1, 0, 1
(-13, 46): 1, 0, 1, 0, 1
(-13, 47): 1, 0, 1
(-13, 45): 1, 0, 1
(-12, 44): 1
(-11, 44): 1
(-10, 45): 1, 0
(-10, 46): 1
(-9, 46): 1, 0
(-9, 47): 1
(-8, 47): 1
(-9, 45): 1
(-10, 44): 1
(-9, 44): 1
(-9, 41): 1
(-10, 41): 1
(-10, 40): 1
(-12, 34): 1, 0, 1, 0, 1, 0, 1, 0, 1
(-11, 34): 1, 0, 1, 0, 1
(-13, 34): 1, 0, 1, 0, 1, 0, 1
(-11, 33): 1, 0, 1
(-12, 33): 1, 0, 1, 0, 1, 0
(-13, 33): 1, 0, 1, 0, 1, 0, 1
(-12, 32): 1, 0, 1
(-13, 32): 1, 0, 1, 0, 1, 0
(-13, 31): 1, 0, 1, 0
(-14, 31): 1, 0, 1, 0, 1, 0, 1
(-14, 32): 1, 0, 1, 0, 1, 0
(-15, 32): 1, 0, 1, 0, 1
(-15, 31): 1, 0, 1, 0, 1, 0, 1
(-16, 31): 1, 0, 1, 0, 1, 0, 1
(-14, 33): 1, 0, 1, 0
(-10, 35): 1, 0, 1
(-7, 36): 1
(-7, 35): 1, 0
(-6, 35): 1
(-6, 34): 1, 0
(-6, 33): 1, 0
(-7, 34): 1, 0, 1
(-8, 35): 1, 0, 1, 0
(-8, 34): 1, 0, 1, 0
(-9, 34): 1, 0, 1, 0
(-9, 35): 1, 0, 1, 0
(-10, 34): 1, 0, 1
(-7, 33): 1, 0, 1, 0
(-8, 33): 1, 0, 1
(-8, 32): 1, 0
(-7, 32): 1, 0, 1
(-6, 32): 1
(-7, 31): 1
(-8, 31): 1
(-9, 33): 1
(-10, 33): 1, 0
(-10, 32): 1
(-11, 32): 1
(-14, 30): 1, 0, 1, 0
(-13, 30): 1, 0, 1
(-13, 29): 1, 0, 1, 0, 1
(-12, 29): 1, 0, 1
(-12, 28): 1, 0, 1, 0, 1
(-13, 28): 1, 0, 1, 0, 1
(-13, 27): 1, 0, 1, 0, 1
(-12, 27): 1, 0, 1, 0, 1, 0, 1, 0
(-11, 28): 1, 0, 1, 0
(-11, 29): 1, 0, 1
(-10, 29): 1, 0
(-10, 28): 1, 0
(-11, 27): 1, 0, 1, 0
(-12, 26): 1, 0, 1, 0, 1, 0
(-13, 26): 1, 0, 1
(-11, 26): 1, 0, 1, 0
(-11, 25): 1, 0
(-12, 25): 1, 0, 1
(-12, 24): 1, 0
(-13, 24): 1, 0, 1
(-13, 23): 1, 0, 1
(-14, 23): 1, 0
(-14, 24): 1, 0
(-15, 24): 1, 0
(-15, 25): 1, 0, 1, 0, 1
(-16, 25): 1, 0, 1, 0, 1, 0, 1
(-16, 26): 1, 0, 1, 0, 1, 0, 1
(-15, 26): 1, 0, 1, 0, 1, 0
(-14, 25): 1, 0
(-13, 25): 1, 0
(-14, 26): 1, 0
(-10, 27): 1, 0
(-10, 26): 1, 0
(-9, 26): 1, 0, 1, 0, 1
(-9, 27): 1, 0
(-8, 27): 1, 0, 1
(-8, 26): 1, 0, 1, 0
(-9, 25): 1, 0, 1, 0, 1, 0, 1
(-10, 25): 1, 0
(-8, 25): 1, 0, 1, 0, 1, 0
(-8, 24): 1, 0, 1, 0, 1, 0, 1
(-9, 24): 1, 0, 1, 0, 1, 0
(-7, 24): 1, 0, 1, 0, 1, 0
(-7, 23): 1, 0, 1, 0, 1
(-6, 23): 1, 0, 1
(-6, 22): 1, 0, 1
(-5, 22): 1, 0, 1
(-5, 21): 1
(-6, 21): 1, 0
(-7, 22): 1, 0
(-7, 21): 1
(-5, 23): 1, 0, 1, 0, 1, 0
(-4, 23): 1, 0, 1, 0, 1, 0, 1
(0, 23): 1, 0, 1, 0
(-5, 26): 1, 0, 1
(-5, 25): 1, 0, 1, 0, 1
(-4, 24): 1, 0, 1, 0, 1, 0
(-5, 24): 1, 0, 1, 0, 1, 0
(-6, 25): 1, 0, 1, 0
(-6, 24): 1, 0, 1, 0
(-7, 25): 1, 0, 1
(-9, 23): 1, 0
(-10, 23): 1
(-10, 24): 1, 0
(-7, 26): 1, 0, 1
(-7, 27): 1, 0
(-8, 23): 1, 0, 1
(-8, 22): 1, 0
(-9, 22): 1
(-9, 21): 1
(-8, 21): 1
(-6, 26): 1, 0
(-10, 30): 1
(-11, 30): 1, 0
(-11, 31): 1
(-12, 31): 1, 0
(-12, 30): 1, 0
(-14, 29): 1, 0, 1
(-15, 30): 1, 0, 1, 0, 1
(-15, 29): 1, 0, 1, 0
(-16, 29): 1, 0, 1, 0, 1, 0
(-16, 28): 1, 0, 1, 0, 1, 0
(-17, 28): 1, 0, 1, 0, 1, 0, 1, 0, 1
(-17, 29): 1, 0, 1, 0, 1, 0, 1, 0
(-18, 29): 1, 0, 1, 0, 1, 0, 1, 0, 1, 0, 1
(-18, 28): 1, 0, 1, 0, 1, 0, 1, 0, 1, 0, 1
(-19, 28): 1, 0, 1, 0, 1, 0, 1, 0, 1, 0
(-19, 29): 1, 0, 1, 0, 1, 0, 1, 0, 1, 0
(-20, 29): 1, 0, 1, 0, 1, 0, 1, 0
(-20, 30): 1, 0, 1, 0, 1, 0, 1
(-19, 30): 1, 0, 1, 0, 1, 0, 1, 0, 1, 0
(-18, 30): 1, 0, 1, 0, 1, 0, 1, 0, 1, 0
(-17, 30): 1, 0, 1, 0, 1, 0, 1, 0
(-16, 30): 1, 0, 1, 0, 1, 0
(-17, 31): 1, 0, 1, 0, 1, 0, 1, 0, 1, 0
(-17, 27): 1, 0, 1, 0, 1, 0, 1, 0, 1
(-18, 27): 1, 0, 1, 0, 1, 0, 1, 0, 1, 0
(-18, 31): 1, 0, 1, 0, 1, 0, 1, 0, 1
(-18, 32): 1, 0, 1, 0, 1, 0, 1, 0, 1, 0, 1
(-19, 31): 1, 0, 1, 0, 1, 0, 1, 0, 1
(-19, 32): 1, 0, 1, 0, 1, 0, 1, 0, 1, 0, 1, 0
(-20, 31): 1, 0, 1, 0, 1, 0, 1, 0
(-20, 32): 1, 0, 1, 0, 1, 0, 1, 0, 1
(-21, 32): 1, 0, 1, 0, 1
(-21, 31): 1, 0, 1
(-21, 30): 1, 0, 1
(-21, 29): 1, 0, 1, 0, 1
(-22, 29): 1, 0, 1, 0
(-22, 28): 1, 0, 1, 0, 1
(-23, 28): 1, 0
(-23, 29): 1, 0
(-22, 30): 1
(-22, 31): 1
(-22, 32): 1
(-21, 33): 1, 0, 1, 0, 1
(-23, 36): 1, 0, 1
(-16, 27): 1, 0, 1, 0
(-17, 26): 1, 0, 1, 0
(-17, 25): 1, 0, 1
(-15, 27): 1, 0, 1, 0
(-14, 27): 1, 0, 1, 0
(-14, 28): 1, 0, 1, 0
(-15, 28): 1, 0, 1, 0
(-19, 27): 1, 0, 1, 0, 1, 0, 1, 0
(-20, 27): 1, 0, 1, 0
(-20, 28): 1, 0, 1, 0, 1, 0
(-18, 26): 1, 0, 1, 0
(-25, 39): 1, 0, 1, 0, 1, 0, 1, 0, 1, 0, 1, 0
(-26, 39): 1, 0, 1, 0, 1, 0
(-26, 38): 1, 0, 1, 0, 1
(-26, 40): 1, 0, 1
(-25, 40): 1, 0, 1, 0, 1, 0, 1, 0, 1
(-24, 40): 1, 0, 1, 0, 1, 0, 1
(-25, 41): 1, 0, 1, 0, 1
(-26, 41): 1, 0
(-26, 42): 1
(-25, 42): 1
(-24, 41): 1, 0, 1, 0
(-24, 36): 1, 0
(-25, 36): 1
(-26, 37): 1
(-23, 40): 1, 0
(-24, 42): 1
(-22, 40): 1, 0
(-22, 39): 1, 0, 1, 0
(-22, 33): 1
(-21, 28): 1, 0, 1, 0, 1
(-21, 27): 1, 0, 1
(-22, 27): 1, 0
(-20, 26): 1, 0
(-21, 26): 1
(-16, 24): 1, 0, 1, 0
(-17, 24): 1, 0, 1, 0
(-19, 26): 1, 0, 1
(-19, 25): 1, 0
(-20, 25): 1, 0
(-20, 24): 1, 0
(-19, 24): 1
(-19, 23): 1, 0
(-18, 23): 1, 0, 1, 0
(-18, 22): 1, 0, 1
(-17, 22): 1, 0, 1
(-17, 23): 1, 0, 1, 0, 1
(-18, 24): 1
(-15, 23): 1
(-16, 23): 1, 0, 1
(-16, 22): 1
(-19, 22): 1, 0
(-19, 21): 1
(-20, 21): 1
(-20, 22): 1, 0
(-21, 22): 1
(-21, 23): 1, 0
(-22, 23): 1, 0
(-22, 22): 1
(-23, 22): 1, 0
(-23, 21): 1
(-24, 21): 1
(-24, 22): 1
(-23, 23): 1
(-22, 24): 1
(-21, 24): 1, 0
(-20, 23): 1, 0
(-21, 25): 1
(-18, 25): 1
(-14, 22): 1, 0, 1
(-15, 22): 1
(-15, 21): 1
(-14, 21): 1, 0
(-13, 22): 1, 0
(-13, 21): 1, 0
(-12, 21): 1, 0
(-12, 20): 1, 0, 1
(-11, 20): 1, 0, 1
(-11, 21): 1, 0, 1
(-10, 21): 1, 0
(-10, 20): 1, 0
(-11, 19): 1, 0, 1
(-10, 19): 1, 0, 1
(-10, 18): 1, 0, 1
(-11, 18): 1, 0, 1
(-12, 19): 1
(-13, 20): 1
(-12, 23): 1
(-12, 22): 1
(-11, 22): 1
(-9, 20): 1
(-9, 19): 1
(-11, 17): 1
(-10, 17): 1
(-10, 16): 1
(-11, 16): 1
(-12, 15): 1
(2, 17): 1
(2, 16): 1
(1, 16): 1
(1, 15): 1
(2, 15): 1
(5, 10): 1, 0, 1, 0, 1, 0, 1
(4, 9): 1, 0, 1
(5, 8): 1, 0, 1, 0, 1, 0, 1
(5, 9): 1, 0, 1, 0, 1, 0, 1, 0, 1
(8, 13): 1, 0, 1, 0, 1
(7, 13): 1, 0, 1, 0
(6, 13): 1, 0, 1, 0, 1
(6, 12): 1, 0, 1, 0, 1, 0, 1, 0
(5, 13): 1, 0, 1, 0, 1, 0, 1
(6, 11): 1, 0, 1, 0, 1, 0, 1
(15, -3): 1, 0, 1, 0, 1, 0, 1, 0, 1, 0, 1, 0
(14, -2): 1, 0, 1, 0, 1, 0, 1, 0, 1, 0
(14, -1): 1, 0, 1, 0, 1, 0, 1, 0, 1, 0, 1
(12, 3): 1, 0, 1, 0, 1, 0
(12, 8): 1, 0
(13, 8): 1, 0, 1
(15, 10): 1, 0, 1
(16, 11): 1, 0, 1, 0, 1, 0, 1, 0, 1, 0, 1
(16, 12): 1, 0, 1, 0, 1, 0, 1
(17, 12): 1, 0, 1, 0, 1, 0
(17, 11): 1, 0, 1, 0, 1, 0, 1, 0
(16, 10): 1, 0, 1, 0, 1
(7, 12): 1, 0, 1
(13, 7): 1, 0, 1, 0
(16, 8): 1, 0
(14, 6): 1, 0, 1
(15, 0): 1, 0, 1, 0, 1, 0, 1, 0, 1
(17, 4): 1
(18, 3): 1, 0, 1, 0, 1
(18, 4): 1, 0
(19, 4): 1, 0, 1
(19, 3): 1, 0, 1, 0, 1, 0
(19, 2): 1, 0, 1, 0, 1, 0, 1, 0
(19, 1): 1, 0, 1, 0, 1, 0, 1, 0, 1, 0, 1, 0, 1, 0
(18, 0): 1, 0, 1, 0, 1, 0, 1, 0, 1
(17, 0): 1, 0, 1, 0, 1, 0, 1, 0, 1, 0
(17, -1): 1, 0, 1, 0, 1, 0, 1, 0, 1, 0, 1, 0, 1, 0, 1, 0, 1
(18, -1): 1, 0, 1, 0, 1, 0, 1, 0
(18, -2): 1, 0, 1, 0, 1, 0, 1, 0, 1, 0
(17, -2): 1, 0, 1, 0, 1, 0, 1, 0, 1, 0, 1, 0, 1, 0, 1, 0, 1, 0, 1, 0
(16, -1): 1, 0, 1, 0, 1, 0, 1, 0, 1, 0, 1, 0, 1, 0, 1
(16, 0): 1, 0, 1, 0, 1, 0, 1, 0
(16, -2): 1, 0, 1, 0, 1, 0, 1, 0, 1, 0, 1, 0, 1, 0, 1, 0, 1, 0, 1
(15, -2): 1, 0, 1, 0, 1, 0, 1, 0, 1, 0, 1, 0
(15, -1): 1, 0, 1, 0, 1, 0, 1, 0, 1
(16, -3): 1, 0, 1, 0, 1, 0, 1, 0, 1, 0, 1, 0, 1, 0, 1, 0, 1, 0, 1, 0, 1
(17, -3): 1, 0, 1, 0, 1, 0, 1, 0, 1, 0, 1, 0, 1, 0, 1, 0, 1
(17, -4): 1, 0, 1, 0, 1, 0, 1, 0, 1, 0, 1, 0, 1, 0, 1, 0, 1, 0, 1, 0, 1
(17, -5): 1, 0, 1, 0, 1, 0, 1, 0, 1, 0, 1, 0, 1, 0, 1, 0, 1, 0, 1
(18, -5): 1, 0, 1, 0, 1, 0, 1, 0, 1, 0, 1, 0, 1, 0, 1, 0, 1, 0, 1, 0
(18, -4): 1, 0, 1, 0, 1, 0, 1, 0, 1, 0, 1
(18, -6): 1, 0, 1, 0, 1, 0, 1, 0, 1, 0, 1, 0, 1, 0, 1, 0
(17, -6): 1, 0, 1, 0, 1, 0
(17, -7): 1, 0
(18, -7): 1, 0, 1, 0, 1, 0, 1
(19, -7): 1, 0, 1, 0, 1, 0, 1, 0, 1, 0, 1
(20, -7): 1, 0, 1, 0, 1, 0, 1, 0, 1, 0
(20, -6): 1, 0, 1, 0, 1, 0, 1, 0, 1
(19, -6): 1, 0, 1, 0, 1, 0, 1, 0, 1, 0, 1, 0, 1, 0, 1, 0
(21, -6): 1, 0, 1
(21, -7): 1, 0, 1, 0, 1, 0, 1, 0
(20, -8): 1, 0, 1
(21, -8): 1, 0, 1, 0, 1
(22, -7): 1, 0, 1, 0, 1, 0, 1, 0
(22, -6): 1, 0, 1, 0, 1
(23, -6): 1, 0, 1, 0, 1, 0, 1, 0
(23, -7): 1, 0, 1, 0, 1, 0
(22, -8): 1, 0, 1, 0, 1, 0, 1
(19, -5): 1, 0, 1, 0, 1, 0, 1, 0
(23, -8): 1, 0, 1, 0, 1, 0
(23, -9): 1, 0, 1, 0
(22, -9): 1, 0, 1, 0
(24, -7): 1, 0, 1
(24, -8): 1, 0, 1, 0, 1
(25, -8): 1, 0, 1
(25, -9): 1, 0, 1, 0
(26, -9): 1, 0
(26, -8): 1
(27, -8): 1
(27, -9): 1
(26, -10): 1
(25, -10): 1
(24, -9): 1, 0, 1, 0
(24, -6): 1, 0, 1, 0, 1
(25, -6): 1, 0
(25, -5): 1
(24, -5): 1, 0, 1, 0
(24, -4): 1
(23, -4): 1, 0, 1, 0, 1
(23, -5): 1, 0, 1, 0, 1, 0, 1, 0
(22, -5): 1, 0, 1, 0, 1
(22, -4): 1, 0, 1, 0, 1, 0
(23, -3): 1
(22, -3): 1, 0, 1
(21, -4): 1, 0, 1, 0
(21, -5): 1, 0
(20, -5): 1, 0, 1, 0
(20, -4): 1, 0
(21, -3): 1, 0, 1
(25, -7): 1
(22, -10): 1, 0
(21, -10): 1, 0, 1, 0, 1, 0
(21, -9): 1, 0, 1, 0
(20, -9): 1, 0, 1
(20, -10): 1, 0, 1, 0, 1, 0, 1
(21, -11): 1, 0
(20, -11): 1, 0, 1, 0, 1, 0
(19, -10): 1, 0, 1
(19, -11): 1, 0, 1, 0
(20, -12): 1, 0, 1
(21, -12): 1
(21, -13): 1
(20, -13): 1
(19, -12): 1, 0
(17, -8): 1
(18, -3): 1, 0, 1, 0, 1
(20, 3): 1, 0, 1, 0, 1
(20, 2): 1, 0, 1, 0, 1
(20, 1): 1, 0, 1, 0, 1, 0, 1, 0, 1, 0, 1
(21, 2): 1, 0, 1, 0
(21, 3): 1, 0, 1
(20, 4): 1, 0, 1, 0
(19, -2): 1, 0
(19, -3): 1, 0
(19, 0): 1, 0, 1, 0, 1, 0, 1, 0, 1, 0, 1, 0, 1, 0
(19, -1): 1, 0, 1, 0, 1, 0
(20, -1): 1, 0, 1, 0, 1, 0, 1, 0, 1, 0
(20, 0): 1, 0, 1, 0, 1, 0, 1, 0, 1, 0, 1, 0, 1, 0, 1, 0
(21, 0): 1, 0, 1, 0, 1, 0, 1
(21, 1): 1, 0, 1, 0, 1, 0
(21, -1): 1, 0, 1, 0, 1, 0
(20, -2): 1, 0, 1, 0
(21, -2): 1, 0, 1
(22, -1): 1
(22, 0): 1
(19, -4): 1, 0
(16, -12): 1, 0, 1, 0, 1
(17, -12): 1, 0
(18, -11): 1, 0, 1
(15, -11): 1, 0, 1, 0, 1, 0, 1
(16, -13): 1, 0
(8, -15): 1, 0, 1
(8, -14): 1, 0, 1
(6, -14): 1
(7, -14): 1, 0
(7, -15): 1
(16, 13): 1
(17, 10): 1, 0, 1
(18, 11): 1
(18, 12): 1
(17, 9): 1
(18, 9): 1
(18, 8): 1
(17, 8): 1
(17, 7): 1, 0
(18, 5): 1
(21, 4): 1, 0, 1, 0, 1
(21, 5): 1, 0, 1
(22, 5): 1, 0, 1
(22, 4): 1, 0, 1
(23, 4): 1
(23, 5): 1
(20, 5): 1
(22, 3): 1
(22, 2): 1, 0, 1, 0, 1
(23, 2): 1, 0, 1
(23, 1): 1, 0, 1, 0
(24, 1): 1, 0
(24, 2): 1
(25, 2): 1
(25, 1): 1
(24, 0): 1
(23, 0): 1
(22, 1): 1, 0, 1, 0
(20, -3): 1, 0
(15, 9): 1
(3, 16): 1
(3, 17): 1
(5, 14): 1, 0
(-4, 1): 1
(-4, 0): 1
(-5, 0): 1, 0
(-5, -1): 1, 0
(-6, -1): 1, 0, 1
(-6, 0): 1, 0
(-7, 0): 1, 0
(-7, -1): 1, 0, 1, 0
(-6, -2): 1, 0, 1
(-7, -2): 1, 0, 1
(-8, -1): 1, 0
(-8, 0): 1, 0
(-7, 1): 1
(-6, 1): 1
(-4, -1): 1
(-4, -2): 1
(-3, -2): 1
(-3, -3): 1
(-4, -3): 1, 0
(-4, -4): 1, 0
(-5, -4): 1, 0, 1, 0, 1
(-5, -3): 1, 0, 1, 0
(-6, -3): 1, 0, 1
(-6, -4): 1, 0, 1, 0
(-5, -5): 1, 0
(-6, -5): 1, 0, 1
(-6, -6): 1
(-7, -6): 1
(-7, -5): 1, 0
(-7, -4): 1
(-8, -5): 1
(-8, -4): 1
(-9, -4): 1, 0
(-9, -5): 1
(-10, -5): 1
(-10, -4): 1
(-9, -3): 1, 0
(-10, -3): 1
(-10, -2): 1, 0
(-11, -2): 1
(-11, -1): 1
(-10, -1): 1
(-9, -2): 1
(-8, -3): 1
(-8, -2): 1
(-5, -2): 1
(-9, 0): 1
(-9, 1): 1
(-10, 1): 1
(-10, 2): 1, 0
(-11, 2): 1, 0
(-11, 3): 1, 0, 1, 0
(-10, 3): 1, 0, 1
(-10, 4): 1, 0, 1, 0, 1
(-9, 4): 1, 0, 1, 0
(-9, 3): 1, 0
(-11, 4): 1, 0, 1, 0, 1
(-11, 5): 1, 0, 1, 0
(-12, 5): 1, 0, 1, 0, 1, 0, 1
(-12, 4): 1, 0, 1, 0, 1, 0, 1
(-12, 3): 1, 0, 1
(-13, 4): 1, 0, 1, 0, 1
(-13, 5): 1, 0, 1, 0, 1, 0
(-14, 5): 1, 0
(-14, 6): 1, 0, 1
(-13, 6): 1, 0, 1
(-13, 3): 1
(-12, 6): 1, 0, 1
(-11, 6): 1, 0, 1
(-11, 7): 1, 0, 1, 0, 1
(-12, 7): 1, 0, 1
(-12, 8): 1, 0, 1, 0, 1, 0
(-11, 8): 1, 0, 1, 0, 1, 0, 1
(-10, 7): 1, 0
(-10, 6): 1, 0
(-9, 6): 1, 0, 1
(-9, 7): 1
(-8, 7): 1
(-8, 6): 1
(-9, 5): 1, 0, 1, 0
(-10, 5): 1, 0, 1, 0
(-8, 5): 1
(-8, 4): 1, 0
(-8, 3): 1
(-13, 7): 1, 0, 1, 0
(-14, 7): 1, 0, 1
(-10, 8): 1, 0, 1
(-11, 9): 1, 0, 1, 0, 1
(-10, 9): 1, 0, 1
(-12, 9): 1, 0, 1, 0
(-12, 10): 1
(-11, 10): 1, 0
(-11, 11): 1
(-10, 11): 1, 0
(-10, 12): 1
(-9, 11): 1, 0
(-8, 11): 1
(-8, 10): 1, 0
(-7, 10): 1
(-7, 9): 1
(-8, 9): 1
(-9, 10): 1, 0
(-10, 10): 1, 0
(-9, 9): 1
(-13, 8): 1, 0, 1, 0
(-14, 8): 1, 0
(-13, 9): 1
